44.78564636021617 44.05630864354181 45.09676908894479 43.62971964643265 44.860146114044475 37.233195765879934 43.18912644153675 44.071224325578235
42.803657070041396 35.909466216359 44.32336203750573 11.07349143629862 32.90450390325487 34.09108546294229 27.51399347818876 14.186174564789589
-1.0624013344000003 42.09590596488596 22.34565729215015 -1.1200000000000001e-05 27.178583814118003 5.4873727713600005 3.9618215047113283 24.186995813142175
-2.1596614875978037 11.012932442171886 33.721399166674814 3.9684064876250575 13.66759310309669 -5.8e-06 1.0451700313750572 10.433904760278057
13.50089687724214 12.65256888779919 40.24464291915174 -0.2139388596256734 -7.7e-06 17.943017906955674 4.167642768639278 8.439540415996827
-2.0000000000000003e-06 33.32328603737329 11.998867397994001 17.13817310122907 30.00941708163282 6.871283348338559 11.50834157527795 8.151294425768224
33.37780490437778 34.81385577721461 35.02855778894478 32.68911465005668 33.81559365680216 27.854127515149035 31.60385423626184 33.4175324509574
8.639886990858281 20.807328244670767 44.16290375101088 10.120229158131881 19.151160286008917 32.857504307374086 8.144083900497375 20.24443222783563
23.29063736278885 22.72605592926092 23.923442211056823 23.359902835029043 21.950477580943243 23.579278354595022 21.670544217370924 17.301887609759056
24.51592510192807 44.56223455045905 35.577479819248076 7.25683862353151 32.85391322203 1.04121437 0.42454251269773363 6.84349484908194
40.21740438246633 18.680825988696164 31.354068962218303 9.71763810741221 17.42151779801809 27.62635477338128 8.112569384383935 20.237084415888113
-5.400000000000001e-06 -2.9e-06 6.600000000000001e-06 15.032819824367756 0.7668022392 0.6955491477937957 -0.20959523720000006 1.3388028882352
40.74657427325194 16.223884714481024 15.200152101444068 1.964915946038496 -0.3786203220141772 -3.1000000000000004e-06 8.000000000000001e-06 5.187339142613691
21.73829061540642 14.74194947444205 25.4292533036661 14.130201008989197 16.617040934237547 22.879897616533757 13.219096770107093 24.357152123133652
13.016314679147728 13.423070796421305 13.312392720565157 13.310615471346972 13.313811566784397 13.68944221105533 13.35219877845679 13.541203398571376
16.565516984253847 24.36471532609872 18.0711928632611 20.90761791101577 20.90070477860525 24.796557788944835 23.83810519369648 21.13670046696428
2.1193122110553295 2.288442211055328 1.9152722110553875 2.0064322110563206 1.8542622110553382 2.0175922110563898 1.9128822110558508 1.8795122110555547
8.738767054813978 4.331834550734461 42.884474606514424 1.6858534440158808 -0.9335994924000002 1.5100000000000001e-05 31.28043415895941 2.7481510491713497
-2.3000000000000004e-06 0.584808064 44.70866245029078 4.543455825973931 9.000233072965813 1e-05 1.8758412519552 3.064448338231266
9.800000000000001e-06 4.485122655264001 3.0443597288098623 38.63412212559266 1.1160097560000002 -1.2100000000000001e-05 -7.600000000000001e-06 13.675726169506696
-0.36639315759999996 4.8550490475200005 3.204163724958282 33.235505450834005 1.5300000000000003e-05 -0.49659340128116486 6.66865389323916 4.760654247452431
8.763531091787604 22.554782787861484 5.6047808588143715 6.331896906183488 10.539230875619364 17.356667960110766 -3.480489893018656 31.927526442230103
7.970611958760856 -5.1e-06 17.111418566753777 -7.0292972276406305 6.042727124925348 6.76123649267487 -0.6460499153887742 6.980052352890596
4.756888271918176 2.552415714 30.077384365678853 7.395801356742625 -3.0000000000000004e-07 12.63810809046009 11.565324261094332 15.83761841148745
0.5900455667380373 -1.2100000000000001e-05 11.32645557929216 7.917770492774199 31.174806388934485 -3.517808080784409 8.400000000000001e-06 -3.2000000000000003e-06
6.733160099548405 7.777852012316663 -0.31934219615335 0.2029182468472901 27.223321357954 17.083116770905622 9.74162832676329 17.57866555502042
19.021185152499434 11.256030018400908 4.073429344071502 1.736121548683875 32.617313467478425 -3.7149983619616003 -0.7138190504976961 -0.0307958516
9.798869976726973 6.170770673677174 -1.3310205219699192 2.9556266356649457 -9.5e-06 -4.140830359866925 27.522206241345106 1.79e-05
42.48508221776138 22.112092951747588 -1.0600000000000002e-05 18.659816165331165 -1.5100000000000001e-05 6.749156950783881 4.877603774159788 30.42347651882905
3.903966789016545 0.0352045972 -0.5059884895392001 2.72969853462927 -1.1e-06 23.295771245402225 1.17e-05 -0.518777155515738
2.7800241392 6.2942070696797225 8.000000000000001e-07 4.702532030875694 35.00025927620593 -1.1332255515494485 0.6840157284 13.093119751953392
-4.000000000000001e-06 -2.3779897832 -3.1000000000000004e-06 2.0200000000000003e-05 1.8512047460000003 -3.133881932077787 29.60113659073466 -3.4000000000000005e-06
12.68824089322408 16.70471718997154 8.35172063416152 5.341402399619585 19.094275356310376 9.673770036665251 25.707524795703954 13.101131791424656
2.301667174640953 -1.54e-05 -3.4937740517402833 -1.4268593053075769 9.643753194976954 -2.2000000000000003e-05 31.113686744614775 1.58e-05
2.604601274056748 4.144917344026086 8.107026018163516 -2.5200000000000003e-05 1.5100000000000001e-05 15.769799383606063 13.100957483311234 6.567188263840747
1.7899253392851493 -3.4000000000000005e-06 14.256883014740513 -1.02e-05 -6.9e-06 0.018562598915673596 -1.98e-05 1.6000000000000001e-06
3.2932080561281905 0.2616087924 6.061815295770578 1.9764544534176003 1.0512075892739152 -0.0737107505605295 -1.4000000000000001e-06 0.25946043557706494
-8.000000000000001e-07 0.0380190512 4.000000000000001e-06 9.3e-06 0.8061359155014399 3.4225336012213163 25.78888651412285 -3.3000000000000006e-06
40.315136306962415 29.503334810769797 16.216076881546364 7.296635129667346 27.463857925839783 26.45763421827406 21.11088356105607 5.388857198081504
-7.000000000000001e-07 -2.1000000000000002e-06 2.0700000000000002e-05 41.99935861864484 -2.11e-05 0.4203925048 5.300000000000001e-06 -1.3400000000000002e-05
-3.5e-06 3.728309107788916 3.3844873783752707 -2.26e-05 0.8560117780000003 7.7e-06 8.8e-06 12.76894000379546
0.6171062634784389 39.04616068461437 21.617883233178887 13.438167565811536 2.8861271201360506 14.659900433099509 -0.9567939496000001 8.471386368406796
-0.6963906712 25.054006254484833 16.475231567376476 34.22727777998698 2.362162362797211 39.79833947214859 7.771139427453042 10.442544685079177
12.768595105354429 11.608153888517583 -0.30941819317702407 -2.3000000000000004e-06 8.941972478723937 -2.03e-05 -0.5692257629268649 4.7e-06
2.3088057619018563 0.652016506 0.37596327266064744 8.62837945367993 -0.259591948 1.4946237453692546 2.42954562986304 -6.5000000000000004e-06
17.277857132333835 0.07382405125136388 0.6923792179952 1.04e-05 -0.40558823400000005 -8.3e-06 3.010662170512115 0.584302745690746
-3.785435574488192 -1.3089537975759165 2.28e-05 33.56592839031066 0.5569833944417385 13.533040229705218 16.84176685036438 1.9161794216016481
5.060600337454295 16.02503713817656 5.394427086036348 27.006632155500366 25.492438564047543 24.84130821427486 12.400677401526163 21.1683501567721
11.047969532034562 11.049747468322455 23.444267013980323 34.49440194247104 24.27363573049659 16.95927002807008 6.530182855821016 6.904054561438023
14.98362521595953 13.61270103629212 -0.6655959632000001 36.5041954051212 40.97454881743903 35.00087640991234 14.428769107663097 24.581748516198576
3.0359159808112963 12.737820516009235 0.6655988023999999 23.340851315749646 -9.800000000000001e-06 -4.3e-06 1.48e-05 6.700000000000001e-06
30.31405064820668 36.90078872676183 30.246350114919363 36.04137419123208 39.622442211055336 38.109602369390984 16.330956774320484 38.65495291547676
39.48496811768273 40.685577426714275 40.28125289935137 40.11442971105319 41.12955778894478 39.806556254167894 40.313002296464134 40.289346392430716
42.09533288047724 41.6928008602801 41.45035461481033 41.314702114712375 42.35431221105534 41.15461893708641 38.48826905167695 41.36947704559909
1.2000000000000002e-06 4.3115602660478825 -2.9060013404000005 6.559088711611039 2.9096011856 35.57498077417039 8.97347194372108 10.422799454736746
39.80998655061509 0.5012519467232 4.7367245587664 0.5467631515769699 17.50008655834525 5.6673832367022055 0.7309242133376002 2.851210991868264
36.10587277149228 5.9e-06 -1.0000000000000002e-06 -4.4e-06 -1.18e-05 -0.22777587547909117 -1.41e-05 13.91053181716876
41.79752721531492 -0.035996605200000004 0.10314697730533118 11.91404905622104 -2.2e-06 -1.0900000000000002e-05 5.349033730960349 0.5138209170829151
22.552586782823454 14.892212552756924 11.73479447196524 43.576253145971435 11.944284582527729 10.371542988421044 1.13e-05 7.928358781953898
23.613946773269443 11.74204567673212 18.504248972363595 43.15583788988622 1.16e-05 4.9000000000000005e-06 9.992826602301887 2.5935392142668183
-2.5800000000000004e-05 5.1e-06 0.26805310272160005 30.528967097148964 1.5000000000000002e-05 1.1900000000000001e-05 8.700000000000001e-06 -4.5e-06
30.664626550484027 36.057735686237265 29.122960534193908 -0.17636141131840002 7.3615175357825375 23.928456688030217 -0.5081590531264 45.55046237173579
14.634790106211044 17.375670529535398 12.354424124494148 6.91316579331306 44.74673068520906 -1.3300000000000001e-05 2.8962654481791894 1.3500035304
14.624557788944777 14.374429568824695 13.855180627304925 13.880459490907608 14.054407525581409 12.939156612998318 14.092318826735518 13.407062412618165
37.17781974475154 38.26645013603671 32.9439575475782 29.383086368459676 33.260309370451495 36.77180613564583 34.132136684448696 38.6045577889448
19.890088980636193 39.79741840407559 9.054398718886773 7.228007912365909 29.015928525683965 19.85088883652566 0.8506847282036534 -4.000000000000001e-06
12.817892220041113 22.0000311397769 -3.255169192419456 6.1758466382666395 7.257190518741609 15.907280221557865 -5.763515649989832 15.099376558831452
20.52413294174278 2.7899420318182395 -1.5100000000000001e-05 -1.39e-05 5.483943371358953 6.336442867580544 1.6518222328585883 32.66793122380764
15.427789995237607 7.089046792234258 29.655285183957275 1.2779000809204981 2.7550637643514246 25.583841834454613 -0.1831533463834952 46.3872686325654
4.0000000000000003e-07 -1.3500000000000001e-05 5.02609063750899 -0.0303959104 2.852177753996551 3.7e-06 31.2971979182935 7.500000000000001e-06
1.76e-05 7.4e-06 -6e-06 -1.0000000000000001e-07 -0.053202739600000014 -9.7e-06 0.4223776915040001 -4.600000000000001e-06
-2.08e-05 0.29195635797183866 2.5188031466882155 1.5e-06 -8.900000000000001e-06 1.7354780306336002 -6.300000000000001e-06 -1.67e-05
7.550117775544991 0.24800098999999998 -3.13e-05 1.8061731995860513 -1.1900000000000001e-05 -0.6920427267801346 7.800000000000002e-06 0.177612396
-0.28218484100223995 1.64e-05 1.8340616571812474 -1.38e-05 -0.20959575800000002 -1.2571886203999998 12.020674498842956 1.4200000000000001e-05
0.4860088104000001 -7e-06 1.3326844417131352 1.8402963164384003 -0.20670213824000003 1.1900000000000001e-05 1e-05 3.8432586716121024
-2.4807522110551385 -2.2884422110552247 -2.5047922110164453 -2.3629822110551513 -2.661782211055148 -2.4024522110552198 -2.9488566110550654 -2.625982211047553
21.51944221105533 21.35169681415932 17.20221880312391 18.70268973047429 19.662716895657116 17.676182477008282 20.31506675546843 20.488113087639793
40.94418420415997 37.419180590846864 30.587240943318843 29.19796437506252 29.676754698887727 19.21073617714272 13.015953559408977 32.00048712242383
1.0000000000000002e-06 -1.0600000000000002e-05 3.169784299212645 -1.76e-05 0.0 3.2416000120000006 13.151476479159568 39.14390133943697
9.367860199496638 0.3239414645584001 -1.67e-05 -6.700000000000001e-06 0.3195784314604597 -8.8e-06 37.610324989625866 7.259926241135785
14.941066976812465 -2.0751899523999997 8.833210891890086 4.666880188082538 3.8205114460615213 1.2404626591428034 33.479436582890926 6.600000000000001e-06
7.723314230373744 33.31043646624593 0.7099492369616 2.2112547379868976 3.6578056624515765 -6e-06 37.484249536781775 45.34476191971689
21.593563911174208 30.673882211055346 27.51938051978445 26.52933388591806 14.12375674331483 29.82951218179165 30.54343911609923 22.530275265140077
11.20696491342961 20.940391533460133 -1.2000000000000002e-06 20.097993819227625 -0.8098629446651207 14.17325500043523 36.5212157490485 1.288202667945475
4.7e-06 -0.8076217526368001 6.0963360299498515 1.55e-05 -1.0100000000000002e-05 7.500000000000001e-06 23.722753257210336 -0.5289523099302588
-0.1292048072 -1.0000000000000001e-07 -0.2759866488 34.345087961070064 3.7073359498352016 0.4696147396 16.760938845360172 -1.0539989535999998
2.0200000000000003e-05 0.9405286202779584 36.22965820520946 12.19480789377417 42.79186019772542 17.048747931704796 37.33260996308274 6.924210376665949
0.730722237778936 3.5093846664702344 9.19356345504482 3.5306775092996543 1.25e-05 1.69e-05 38.74958970316085 1.3300000000000001e-05
-1.62e-05 -1.1200000000000001e-05 2.3365128479222133 -0.116805286 31.597398270117186 -1.1e-06 9.525889685919282 -1.339585384
5.2e-06 0.6809490526554339 1.15e-05 2.615697800792779 25.2685606101859 3.8570124262440193 1.163126309654394 1.7000000000000002e-06
-2.007802644097425 -7.5256773860855075 4.619399313836128 20.042722711176 -1.8900000000000002e-05 13.297150242981708 1.2572569975786605 8.32611263919083
-1.67234678934758 0.850090098932423 0.4257944360316106 1.3300000000000001e-05 3.6932265253184005 0.9169683261946715 25.770152424716017 -4.3e-06
-2.0709236994318787 -2.6e-06 -1.2e-05 17.182031434551867 -0.5134098570016 -2.3100000000000002e-05 28.62638101913231 3.1402732981360004
2.8447351709296003 -0.4515801016000001 4.865926281522372 2.845218044673601 -0.35479627399999997 -0.7692902829134145 1.9200000000000003e-05 -4.800000000000001e-06
8.555964707572642 0.25277562086425287 1.041359455129554 -1.2400000000000002e-05 -9.000000000000001e-07 -2.6900000000000003e-05 1.0932066144 0.4920034428000001
6.800000000000001e-06 -5.000000000000001e-07 4.4e-06 23.805260296307733 13.240852853465578 -1.786396649829161 0.8730090961232249 3.759261407651538
37.046039426824215 1.6088410450565809 -6.4000000000000006e-06 1.55e-05 13.57590273309783 7.7746742200438765 -0.6701117570144001 4.036919841118473
13.74679566304198 1.4742856868154601 0.9515099647689199 -8.900000000000001e-06 44.3120729362066 16.629109153447942 0.20438744789867544 2.1000000000000002e-05
-0.5148816850404176 8.718880986300295 21.590925795572232 39.086047770447074 11.67585080231489 29.317777300253752 5.765199382306796 37.53625349023088
11.455721475121557 4.276663369556348 27.749070445836622 0.36881149720000006 -0.20969111523108017 42.11768520376487 6.971582027770854 30.50561960526556
35.25665168054149 35.08184078405754 33.44529279877351 35.18796986271328 35.023599021553586 35.89340379680992 33.104530355526 36.0424422110556
2.510074326398347 -1.9250438689367433 2.6930103627875726 1.3113975544315881 0.05663560614580354 2.654377743286578 1.027371922995766 2.8875819634060913
-7.309895900249203 0.42833099086966087 -2.0000000000000002e-07 21.797549303593108 3.072095204264933 9.816494005244259 -10.495297776307005 10.672138919227514
33.467234344614006 -0.13264991141781757 8.400000000000001e-06 1.4700000000000002e-05 1.39e-05 -2.7884032556000005 -0.5457373492975036 8.311130751840011
2.7000000000000004e-06 3.283990249543927 0.9512060612000002 -2.1600000000000003e-05 -1.9000000000000002e-06 24.620940970456168 -3.5e-06 16.055092812965448
39.3963456389507 7.289532089397591 9.100000000000001e-06 1.1292032315999998 15.06816440723876 12.314235095485529 2.4774126523471685 8.296728013186149
34.024293334580264 0.031607584 31.957660609330276 6.025834076417674 26.946307475955958 1.16e-05 45.20613247931069 4.4871995062011205
7.858459032899732 1.4855880566193274 -6.4000000000000006e-06 0.21390274495521483 0.5728126576000001 5.8e-06 -8.900000000000001e-06 -4.3e-06
1.5e-06 3.6900872761128665 6.700000000000001e-06 0.6344956046547636 6.1e-06 1.5e-06 3.554575118911414 1.6000000000000003e-05
8.93627854397117 0.17881407600000002 10.046699150459055 9.9e-06 5.2e-06 3.70803959975814 4.974323313565684 10.096082419775925
3.0445170406027695 0.32080988680000005 9.244909393893726 0.5361023646856633 20.509895044255817 19.414257896053158 2.176074552274515 39.64441381704928
13.529026139733446 2.2402094475822323 44.94622599121814 1.956330507630272 1.83e-05 9e-06 0.966874981340695 -5.2e-06
7.3e-06 24.698249689151424 2.350761438097921 6.106869589341241 10.833870345358713 -0.7073725829439098 0.8012661889297755 1.1855570221846414
-0.48025435141781775 27.67638966937993 1.6630267424393685 11.228251874996625 -0.7349557220240001 -2.1586614356943485 0.2461956261316509 16.377862041197318
0.538942350736191 1.5852040224000001 4.7e-06 1.95e-05 5.1e-06 6.200000000000001e-06 4.307208456893372 4.867772431318846
-0.9779167926711997 1.27e-05 -2.6800000000000004e-05 1.8038584220224003 30.19856488562751 -7.000000000000001e-07 1.3e-06 1.13e-05
11.332016693324512 5.111724136870213 -2.4000000000000003e-06 3.1148372187449223 9.9e-06 1.5e-06 -0.9823971596 1.1000000000000001e-05
6e-06 0.10067351506051843 -3e-06 -4.3e-06 0.52609157328 0.9087755985088557 0.6310808710990273 -0.7138125796112
3.6075796624128 1.0800000000000002e-05 -5.400000000000001e-06 8.700000000000001e-06 -0.1985898697632 -5e-06 2.9e-06 -7.7e-06
-8.400000000000001e-06 2.2863126892412446 17.463605365573606 37.151631769924556 1.1302529363982172 -1.58e-05 2.7700000000000002e-05 -3e-06
-1.0363092734961987 28.108294404329335 16.25763808476752 17.132876742946426 1.18e-05 2.17201047 38.31348814652309 -4.0703707604464
3.2568860822216914 -0.0436204145607606 28.04194743576913 6.713194109547736 -5.300000000000001e-06 16.02172133543486 10.582367913361452 1.2686474896608002
2.4000000000000003e-06 15.245161658567776 13.457570613435728 5.7e-06 0.754892947496 -1.66e-05 2.6437429332121347 1.4163570283738367
5.400000000000001e-06 13.703566308345414 -2.9e-06 -0.6015824584000001 8.598441397784814 6.200000000000001e-06 -9.4e-06 2.1000000000000002e-06
2.8827395363152006 1.1200000000000001e-05 0.45720958320000005 4.645066836684077 -0.21958185720000004 -1.2275933747999999 8.834353746089601 -6.4000000000000006e-06
5.967140738676074 16.810344687981996 9.892110227499558 21.887705227150835 -2.0000000000000002e-07 9.163616378884626 2.0745825591793485 43.43045414681701
24.334450647989577 13.461917242357682 2.059099489038327 -3.5e-06 -9.3e-06 19.577077491480658 0.01228584660083909 8.943237848534872
5.01121062792192 5.478122301183053 2.6e-06 9.7e-06 0.7128165954691932 -1.4700000000000002e-05 6.791459975216406 -4.1e-06
2.862057017986898 -9e-06 -9.4e-06 1.5792715647520004 1.0500000000000001e-05 1.5380002148000003 1.9411606997136 13.663566187597697
-7.000000000000001e-07 2.602894842141235 4.000000000000001e-06 1.04e-05 3.0000000000000004e-07 6.1e-06 -5.000000000000001e-07 4.0000000000000003e-07
14.700799664216882 41.18126947252579 18.88423231835996 9.870961271449481 25.311964531177324 24.023687556838816 31.186939989602077 45.220737014969835
-0.1795944284 8.063135953107768 0.5309535656793984 2.5148400748928004 8.1e-06 -0.6252445184811316 19.846368607732174 2.0396169627633745
2.240427515250315 6.200000000000001e-06 0.13012090138224416 11.231031490466442 0.23200201840000004 1.1100000000000002e-05 1.0563875620809549 1.3951590624576002
-0.7846687071379441 9.600000000000001e-06 2.763944051350404 3.1169649935424175 3.6556783462429703 -3.9804335795776 1e-05 14.050927789774073
7.4e-06 5.8e-06 2.061728562253587 18.198314572918417 1.3500000000000001e-05 -1.1e-06 -2.2e-06 1.8320647450735625
-3.7e-06 7.255707734360639 -2.1417405340464 -2.2915883132000006 1.3100000000000002e-05 2.2e-06 -2e-05 34.08773335342832
-1.3211075031092545 -1.3017322206864 30.76504032852049 -0.5419889156000001 -0.1890000161399344 7.9e-06 18.96836089690134 11.838764388567775
0.2619456839053762 -0.1628293341298237 1.0435328909296 8.3e-06 0.8790848628303223 -1.2800000000000001e-05 4.1e-06 1.5756050412
-9.4e-06 5.400000000000001e-06 -6.700000000000001e-06 2.4200000000000002e-05 2.1778789133216447 7.269057406642228 2.4191750704512005 2.893945428593588
8.6e-06 1.14e-05 1.2870324182240165 17.057294095759143 -1.0900000000000002e-05 -2.0700000000000002e-05 3.5941671858736 26.94497904604154
2.2e-06 -1.8327684185888 -7.100000000000001e-06 7.9e-06 24.206459480958397 5.369873708465351 1.3200000000000002e-05 -2.9e-06
-1.83e-05 23.26045551273893 1.1342899392897448 1.2000000000000002e-06 18.911387494780655 4.49860379825792 -3.900000000000001e-06 1.2228071736000001
1.516878645983059 8.400000000000001e-06 -0.05118875480000001 8.423568097143292 2.6e-06 1.7303514733568 1.0026357207456 1.3970821424032003
8.3e-06 0.18881323960000002 0.05121310640000001 4.182901584999267 -8.3e-06 -1.1100000000000002e-05 9.3e-06 1.4400000000000001e-05
1.2900000000000002e-05 -0.9354380943206018 0.5230057429984 1.1922040038600654 -5.8e-06 -0.43635654135344804 -2e-05 5.628809846689477
-1.7548035819746683 -1.0476801923427606 -8.900000000000001e-06 -1.62e-05 6.588862925192776 -1.9634007813768601 11.111775170958778 0.933008099289033
9.612621853268966 -3.10227777486279 34.5014776279996 1.1270970683850527 4.107617721565738 3.069232346897386 4.5300006803818 1.2e-05
33.82804836046531 3.580524493184086 0.6847978892 -2.8000000000000003e-06 6.6706339146764755 11.091705561540362 1.470716823183999 2.387851155071198
8.773025392965812 -2.2e-06 42.83684024128528 1.915408180583114 8.390090383967621 4.9848052651513095 -1.45e-05 0.8689709809565509
8.477629671161608 -1.46e-05 2.6620698240892544 5.400000000000001e-06 4.0000000000000003e-07 6.200000000000001e-06 9.345034469667345 -8.900000000000001e-06
1.2392934018808461 2.2762829528928004 -1.25e-05 8.769029172965812 4.4e-06 -1.13e-05 19.644560629518075 -0.37836264828432653
16.05361971775881 16.572259509604148 15.475908163502197 38.33512893783798 1.1200000000000001e-05 24.74592531886769 5.879706238280985 1.02e-05
9.600000000000001e-06 -1.5300000000000003e-05 19.376356943604407 33.9278084691855 11.030473287325238 -0.018555777167359788 1.3144482759836036 -4.7e-06
9.812434725587437 -6.200000000000001e-06 1.616921192826688 -5.300000000000001e-06 18.381828651778257 -1.6264481248848 9.7e-06 -0.7646590195248
-2.6800000000000004e-05 1.43e-05 -0.07519029560000001 0.1679910336 -5.300000000000001e-06 -9.600000000000001e-06 -1.2000000000000002e-06 1.473412718895586
7.000000000000001e-07 1.39e-05 0.0752081828 2.2e-06 -6.1e-06 1.8227570333059715 2.2e-06 0.95192584301888
2.0000000000000003e-06 -0.0127883612 0.5296129392164078 -2.8000000000000003e-06 2.0000000000000003e-06 13.933654587674308 1.9126442930141638 2.4273706655504
10.741224442474758 0.9740431635579585 1.7735359124535601 0.88501584223684 0.14201244159999998 12.828213390946441 11.126421154254286 -6.600000000000001e-06
5.500000000000001e-06 9.600000000000001e-06 9.200000000000002e-06 0.7878530090983462 0.08150234602399999 3.5987375045584007 8.85626244495872 3.8783998824000006
24.281183289048695 23.55167887466027 13.500412384556883 4.000000000000001e-06 17.204093579540213 1.2834544658704 37.34304049910619 -1.7768518277381067
34.51943486869198 34.591790585012504 33.68056014617813 34.48005295481785 34.4773927999428 34.3169638142304 35.267557788944785 34.086275816974286
2.0000000000000002e-07 9.825172860317466 -5e-06 -0.37200024840000007 5.000000000000001e-07 19.843618957790984 46.55894121171835 36.679791915213144
-3.6000000000000003e-06 3.551725699811201 -0.8431846592000001 30.672071757946643 -7e-06 3.2014680152164066 -1.8110012336664647 3.3888817603670742
23.0283594860267 42.89234533855218 31.860290938435128 33.21687234707644 44.57006496282889 22.8998092339238 1.3868198998310322 30.558239467919943
8.425171072021577 24.24121825988109 24.425310058142692 19.51735290693898 26.792062100951657 22.064009662560593 15.7000214160292 20.162067833314595
20.23886921460059 36.49279664570244 14.692153227801905 27.0094807225869 14.123725137358104 17.925306110449416 -0.16394797020000001 1.6783891424
4.1e-06 1.64e-05 6.63210813566817 3.9536292094367926 2.8090034326659175 9.600000000000001e-06 2.519365875257171 -1.6000000000000003e-05
10.264483209643227 10.702412134100761 8.2e-06 -0.06240276515995424 33.3673456537713 0.33603563660276936 -0.30068048808392367 1.5977428652714942
13.233683036816851 20.298173708350962 28.467934186508998 0.4587463373264257 1.2589317652714944 37.05080187964911 -0.8140048336000001 30.708666173319582
24.062159124015217 36.93444595092936 12.775219812081271 3.2459365157549946 9.138556865435426 -1.7306001752671687 -0.926875323763569 13.69411597119499
13.704917258021341 15.093595895875136 37.04557236432896 6.932114782429356 6.912715967448405 17.875703941915972 -3.595911613502807 18.889422616040697
14.77693737417 7.47581499885516 1.0600000000000002e-05 4.1517389811829855 6.460419920459592 44.56611392787334 -2.7000000000000004e-06 18.115795412249653
6.600000000000001e-06 2.6917886981884314 11.011797213848677 0.6069153179951999 4.3305024489242845 -4.9000000000000005e-06 10.771314807073448 -3.2000000000000003e-06
8.463196340981089 -2.2e-06 -1.1031793267488 -0.9467249048831998 1.1100000000000002e-05 1.0100000000000002e-05 6.300000000000001e-06 31.589783605658535
34.40085968393119 -0.3787925996 -1.6285071381141134 -3.0095114408883203 4.832378972250519 21.686052965158062 1.1900000000000001e-05 8.41946921079554
-1.6000000000000001e-06 28.505427526522674 0.042320731883967094 -2.5061230582868648 -0.9507900544000001 14.387775235499134 21.931109075750147 -1.9687770781615999
6.300850470475318 10.470042161848303 -4.600000000000001e-06 -1.1e-06 -0.696387568 0.10031767544002312 19.787351160205553 5.784645769585777
10.87187616223228 13.261696483887508 8.63058823720789 -5.933709271344094 9.27583966688906 11.575540390113925 2.2074610639220382 28.252226523515066
35.05049867729232 1.0610151277808637 5.4190497679081915 4.549207701599999 -9.5e-06 1.5700000000000002e-05 8.1e-06 4.7895704810912
30.639784022056546 1.4513378710592 7.227539320350957 17.925828022332585 0.053720478910520474 4.7e-06 1.1200000000000001e-05 7.500000000000001e-06
21.00071967186573 9.595736009747178 13.833018691023998 4.27603587335109 9.103065518407588 11.573878487639126 14.398819884594808 15.847791262564273
-1.0000000000000002e-06 6.9e-06 -0.8026903280839236 2.4020303405616277 2.9871155247559678 3.6405993326410306 18.149029006051954 2.8499380771833542
0.061115711863392264 6.6221952923398995 28.65352511955666 18.204664358240734 12.177055825176407 14.58838102748251 2.885653085192776 10.01460797569858
36.97388882089387 1.5511461182943898 4.820911100819385 22.191203181891037 7.8713816684622016 15.3202797477954 0.85540736194432 2.4000000000000003e-06
-4.3e-06 15.50571221113211 29.424213059792407 21.54671169693721 5.529385221381715 4.949110475313129 0.02268113700950685 0.008873196864628619
-4.9000000000000005e-06 5.3126166007611015 -1.9200000000000003e-05 1.76e-05 1.7000000000000002e-06 -2.0000000000000003e-06 0.06137619383547642 2.77072747412053
0.09041054559999999 -1.1e-06 1.844451545056581 6.134821823358954 0.267604524 2.8572738148400463 -0.3164090504 21.421699370660242
-1.6000000000000001e-06 -5.500000000000001e-06 4.563544451821976 6.346375824395331 1.9680945251326045 -1.39e-05 9e-06 7.4169222955513305
30.013195817305686 12.130571351731174 4.089282608100352 25.162496532202756 8.039106888874752 -2.4628619028658565 -4.099780814630745 1.5480199317758436
24.11136541915291 13.856445038739135 5.855334405617409 30.244854342732857 -1.4286186984635694 5.283851452504895 3.0034383252128363 1.6239411849929617
13.075752143311234 10.706289666481117 -1.04e-05 2.3000000000000004e-06 -1.13e-05 32.68462031459411 1.2800000000000001e-05 8.1e-06
16.80307776810386 12.610729853822043 36.78344329355598 44.31078967203689 12.596410751783885 0.858292835483795 1.000919586083641 4.577575858201101
9.100000000000001e-06 3.6040879335467073 -0.18200081840000001 -6.000000000000001e-07 2.5333431955466943 -7.2000000000000005e-06 6.896925411332625 1.1900000000000001e-05
2.463938056674404 28.698355417719768 7.100000000000001e-06 -5.400000000000001e-06 0.8858862192897445 -1.7000000000000002e-06 1.447078802653592 9.131634734561647
7.538254780394937 3.96130931514879 -4.800000000000001e-06 40.44842146502929 27.872876215379666 32.51722279899686 0.9774529453539976 29.116021593361495
2.2e-06 6.000000000000001e-07 1.06905569268892 4.2000000000000004e-06 9.163735572811454 7.800000000000002e-06 17.672694715813154 6.288049568456545
21.91486168383884 1.510769948450552 42.29619671316545 -8.1e-06 -2.1400000000000002e-05 10.615258153677674 17.325596510515584 4.933915399673859
27.230802627033746 14.893535081286364 4.330889756 2.0600000000000003e-05 9.9e-06 7.9e-06 15.191298865064162 1.69e-05
20.84514496802479 23.645027003543206 2.2100988714453997 6.591039250583291 -3.900000000000001e-06 18.83004551772882 37.65095733848259 9.988071945445391
-4.4e-06 4.9000000000000005e-06 -2.28843101065984 6.1e-06 22.13862788138747 -2.1399726690031553 -4.0000000000000003e-07 1.4830819535288375
1.5728334953268561 0.9964307260304002 3.7824468982312665 0.7321928175188684 9.9e-06 7.7e-06 40.89749720125072 29.694220586522913
0.5326826417131352 31.04866850927229 9.800000000000001e-06 3.8104095531999995 5.916040495908001 6.200145362033082 1.2419986332000001 0.9240258416844962
3.5464076211999997 0.37076586130960654 3.16520161111168 0.4640096312 1.6252667717439993 0.3590023802832 5.8e-06 -4.5e-06
8.8601638479993 28.065226649565084 -2.8370150683200004 0.15430159158383594 12.949654305993976 -3.8000000000000005e-06 33.54123655098942 15.127271741255345
13.880236881367578 0.551478234206624 26.60409530098426 -0.5491945424 9.924900947073448 -2.510167632396896 5.837802358905668 1.3200000000000002e-05
1.8336002688 -1.7000000000000002e-06 -1.39e-05 -0.0737519821125248 4.489475056684076 1.3600000000000002e-05 12.857057775803408 0.6920583849023872
7.100000000000001e-06 6e-06 -4.0000000000000003e-07 1.13817388151173 38.133095539298985 3.4000000000000005e-06 -0.2631852484 9.000000000000001e-07
2.415342038080924 0.9765531117853312 3.1000000000000004e-06 2.1000000000000002e-06 -1.1000000000000001e-05 -0.7057403344209419 6.5000000000000004e-06 -4.4e-06
-2.1000000000000002e-06 0.3812142284 -1.86e-05 1.4598241532466243 9.533216274449199 -7.9e-06 -3.5e-06 2.7000000000000004e-06
6.313624200181695 9.160802018614184 8.498845322946835 9.74244221105533 8.493244398094982 8.865950306325134 -4.129471216203058 8.305896954074862
11.423552009640778 10.511954955843017 -2.2e-06 7.4e-06 0.9995642707838817 11.286289040330999 19.789834643025532 28.152118572664307
5.400000000000001e-06 -9.600000000000001e-06 0.6148106344000001 -1.8200000000000002e-05 5.300000000000001e-06 1.0600000000000002e-05 1e-05 7.888944113333707
-8.900000000000001e-06 0.5854274065678523 0.5324130260000001 0.7856424849023873 1.008995652800141 -0.30086725698111993 6.117062313068687 0.5703514533059713
0.7820020148000001 0.1948026028 10.363812485039722 -0.39211729194719996 1.3198932564384003 0.6247999966193273 -7.500000000000001e-06 1.83e-05
0.2491672613401602 2.395200726 -1.3e-06 -5.2e-06 6.300000000000001e-06 22.931413868875225 -9.3e-06 -3e-06
-4.5e-06 -9.7e-06 5.32379784622801 -0.5824037475999999 -4.4e-06 -0.7311934095392 0.5132534467232001 9.3e-06
-3.4272344392076803 1.1e-06 13.46005626043523 -1.0000000000000001e-07 1.5e-06 -4.2000000000000004e-06 20.90241901299933 -1.1623596551918787
-8.000000000000001e-07 -6.600000000000001e-06 -7.000000000000001e-07 12.423813589967967 0.15517644294752003 -9e-06 1.0100000000000002e-05 2.2455565952415997
-1.1200000000000001e-05 -1.38e-05 14.415603964379194 0.7888366317156735 -5.000000000000001e-07 2.6118603393136004 30.207864656955785 -2.7000000000000004e-06
0.46568264770601403 5.7e-06 -1.1e-06 9.655992350935872 5.9e-06 1.3388155268000002 10.232148292204991 20.35890409475104
-1.1e-06 1.72e-05 -6.000000000000001e-07 24.39034622339833 1.3771697952416 0.5268013775999999 6.700000000000001e-06 -7e-06
16.43763564672901 5.409037306710609 16.045994856948106 1.5900000000000004e-05 7.132088232738622 30.007935823693423 2.55e-05 4.2000000000000004e-06
4.12263542874331 15.947265472072978 27.355379672625016 3.826460165567076 -6.026971053419066 20.083172472559085 -0.09502173333783748 10.49246236859547
0.5602931276776064 1.18e-05 -2.0000000000000002e-07 0.6573424724139313 -1.3e-06 19.391339151090087 -6.5000000000000004e-06 -1.5e-06
7.2000000000000005e-06 -2.6e-06 2.0607569246816446 -1.16e-05 -8.900000000000001e-06 3.565242924808122 1.7400000000000003e-05 26.49042609514258
2.1400000000000002e-05 0.4525316597308921 2.878002958662561 -4.9000000000000005e-06 3.8000000000000005e-06 -5.8e-06 15.227714646235906 -7.600000000000001e-06
12.891654404444989 5.673992200750841 17.29355739661392 9.275823756108316 3.334944677723229 -10.974347372615574 -1.0187847385505382 11.263096420683887
6.000000000000001e-07 -4.600000000000001e-06 11.554563901897243 0.19875680130960655 -1.98e-05 1.5647705249999186 1.9212709301920055 0.8323540641645814
-2.0000000000000003e-06 3.4162450165360014 6.5000000000000004e-06 17.291764114716315 7.100000000000001e-06 9.800000000000001e-06 4.2000000000000004e-06 0.9690437182006042
-8.000000000000001e-06 0.6544575201309056 -1.0000000000000001e-07 -6.000000000000001e-07 -1.3300000000000001e-05 3.748347063905376 -5.600000000000001e-06 -8.5e-06
3.44387261396352 -0.17199460360000002 -2.7000000000000004e-06 0.7612208532511999 -2.92e-05 -4.000000000000001e-06 1.93e-05 0.6815592185088559
1.41e-05 5.401688238818523 2.6991542445584003 0.5394593147329098 -0.053997421200000006 5.400000000000001e-06 21.16509641127274 5.965944267014349
12.188116775736527 33.2954851039668 15.506008330356579 4.8662037347660245 9.413147504938348 6.082654569251409 1.463413398104784 9.182989417795044
-0.4859902332 6.056941267099841 -1.43e-05 -4.7e-06 -5.7e-06 -3.27e-05 1.5000000000000002e-05 2.4000000000000003e-06
13.348859505362444 -2.7000000000000004e-06 8.5e-06 42.33021491901642 5.927093400995956 16.794562234892886 28.815814724403293 1.3750592111793485
22.678320886970848 25.026358749842284 23.07565008647128 25.912557788944845 11.295427334437404 22.68003432366515 23.47359259433851 23.04994090118723
2.086244833839 -2.4000000000000003e-06 -1.0700000000000001e-05 -0.42247400255720297 11.731939193011419 -7.3e-06 23.94532060297791 3.3490841594160004
12.331159739127752 -2.0000000000000002e-07 8.900000000000001e-06 2.9470326903264006 -0.8735906904000001 0.5866914617131352 30.510496467815337 4.600000000000001e-06
-4.600000000000001e-06 -0.1140340971184 1.2116015497230612 4.800000000000001e-06 -8.000000000000001e-07 5.1e-06 -6.9e-06 6.909731613741478
2.0000000000000003e-06 7e-06 -1.3500000000000001e-05 15.157233326422073 9e-06 1.2e-05 -7.800000000000002e-06 -2.3800000000000003e-05
4.517597384652197 6.570919081701455 6.365970491896796 1.88e-05 31.646750078756085 3.556482497866476 1.5759423863288373 15.657938957895354
10.384353753066316 0.8841188234947395 1.0000000000000001e-07 33.93229524287873 -4.0000000000000003e-07 -1.3300000000000001e-05 14.143119878586289 -1.1100000000000002e-05
1.7100000000000002e-05 1.9350559936601703 2.5835334187272836 0.6368373601309057 -7.600000000000001e-06 4.0018481706633295 7.28526054039533 1.2000000000000002e-06
3.0906494742876403 7.600000000000001e-06 0.7467787408642529 -9.5e-06 1.1410327666087499 1.0900000000000002e-05 -5.000000000000001e-07 -1.62e-05
23.123242933701952 -3.7e-06 -9.9e-06 5e-06 8.2e-06 6.1e-06 3.3311342472192 6.700000000000001e-06
-4.4e-06 -7.800000000000002e-06 0.03202646253857023 -6.700000000000001e-06 6.200000000000001e-06 -2.0600000000000003e-05 6.800000000000001e-06 -0.9519875992
1.4700000000000002e-05 -5.1e-06 1.98e-05 -1.4e-05 0.502870467706014 6.19216988180321 -1.54e-05 9.000000000000001e-07
-3.0000000000000004e-07 -8.900000000000001e-06 3.0000000000000004e-07 1.9414990925054716 -1.41e-05 -1.48e-05 -3.1000000000000004e-06 3.848270184391373
-2.4700000000000004e-05 -4.3e-06 5.1e-06 -1.2400000000000002e-05 3.983573303972275 -1.2047864772 -9.7e-06 1.5300000000000003e-05
2.29e-05 5.1e-06 -1.69e-05 19.606015711869233 1.5300000000000003e-05 -8.1e-06 -0.4258034585496678 4.5e-06
7.3e-06 4.536982209616833 7.2000000000000005e-06 -5.9e-06 -3.7e-06 1.3200000000000002e-05 0.48178192444685564 -7.600000000000001e-06
-6.1e-06 -8.2e-06 2.509473906221665 2.7000000000000004e-06 4.3e-06 1.0900000000000002e-05 21.15644436250884 1.97e-05
1.5722285451011757 6.4000000000000006e-06 -6.5000000000000004e-06 -0.05637788377279993 5.8e-06 -1.0500000000000001e-05 7.489493982111241 -1.79e-05
1.02e-05 1.25e-05 3.0141915853188195 -2.1000000000000002e-06 3.2000000000000003e-06 4.7e-06 -1.0300000000000001e-05 9.600000000000001e-06
-7.000000000000001e-07 2.8000000000000003e-06 -1.0600000000000002e-05 -3.6000000000000003e-06 -1.2400000000000002e-05 2.2e-06 16.050914988811854 1.1000000000000001e-05
3.8000000000000005e-06 -4.600000000000001e-06 -2.0000000000000003e-06 1.6000000000000003e-05 -8.5e-06 5.11937896400509 15.720174952930172 -1.1200000000000001e-05
