3.37781
4.31065
6.09442
14.66854
7.97355
15.36125
14.01656
4.05837
25.14404
3.43844
8.61316
6.04118
7.95776
23.50304
35.37831
24.2484
46.7792
5.79827
3.46424
6.04491
6.4214
14.87985
31.17385
8.43448
14.81543
21.24607
13.43926
13.3626
6.19029
4.95434
11.65257
18.60224
23.23031
12.65707
4.90821
4.36165
3.40776
2.69391
8.37996
4.14594
5.1974
7.33754
8.83505
7.09376
4.77615
6.40595
14.39997
21.93657
14.18942
7.92901
6.26541
9.44524
7.91517
6.54424
12.81228
5.54737
6.36783
4.98123
4.89166
5.45349
2.18586
2.91633
2.81488
34.42051
10.44025
8.50184
26.67548
2.69668
1.6228
0.96418
0.88864
0.75552
3.28616
4.01654
3.7303
51.33313
27.5483
7.76304
1.94344
10.04749
15.3888
2.83136
18.01749
11.7094
5.53235
3.7344
5.90051
7.29292
4.92619
4.63407
28.82713
11.61385
10.04567
5.0497
4.16238
6.89546
2.26904
3.49163
9.62487
6.39485
13.02464
46.04305
26.98457
9.53345
2.56208
4.93965
2.79932
2.87863
1.57683
1.13002
2.01075
2.81291
5.75266
10.40192
3.4921
12.85285
5.26505
2.78911
3.61129
8.4378
10.50585
15.93581
7.47043
5.52042
3.90634
5.26807
4.54322
1.03585
1.20421
3.92057
3.42883
3.7895
3.34091
7.9205
5.39219
10.20081
10.90808
9.55299
1.60754
1.98557
14.00702
2.39602
1.09969
0.97167
7.45481
10.69448
12.66989
4.65608
4.03202
3.25898
4.04264
10.21708
7.43942
11.99964
1.11845
0.93048
1.53817
1.50578
1.86073
11.55639
13.77671
2.05489
10.01085
4.14231
22.14067
11.23282
3.95576
6.24242
7.08953
10.38421
11.64272
2.83716
4.6169
8.01768
14.27393
13.32734
9.23899
20.08646
9.19137
12.98195
27.90179
7.4982
19.95266
6.40052
3.63241
1.71906
1.67962
2.34855
18.76189
18.28308
4.97125
3.57971
4.47204
3.01695
7.31681
2.10602
5.04228
4.3111
11.07762
10.95018
1.66856
5.72978
4.62555
15.25545
6.73224
4.29503
1.6546
4.64997
1.90582
39.32515
20.56416
5.35892
4.06166
5.03059
6.98597
5.51727
13.49196
0.87339
1.1244
1.12499
3.0445
7.86117
21.61236
1.9217
1.67344
0.94846
31.61388
5.05488
7.90324
0.8375
3.35686
4.11048
15.42838
4.94538
6.36141
23.13247
12.06233
5.5953
1.44375
4.12677
12.78878
6.31795
0.88198
2.92707
5.78551
3.41161
1.03199
8.38416
3.97587
2.85839
5.50503
5.1265
8.87873
0.9968
12.97399
3.61189
