51.33313
25.63041
17.1956
30.74802
26.085810000000002
23.63581
21.31315
15.136120000000002
14.342260000000001
11.04875
8.95997
14.5237
14.25844
11.598230000000001
13.34109
12.24187
42.964490000000005
32.95446
32.53338
21.23829
15.55521
18.168329999999997
14.751120000000002
10.71495
10.03662
10.159239999999999
10.72993
13.37075
12.59238
16.194770000000002
16.88961
45.9149
38.73434
23.923460000000002
18.65379
12.37347
11.0652
8.3532
8.7313
9.66542
9.57341
5.71435
4.54179
5.601380000000001
6.40581
5.83882
44.28256
46.7516
58.14615
53.809540000000005
61.85011
32.01426
21.64264
18.11166
17.585639999999998
15.068579999999999
13.541360000000001
16.07265
10.53042
9.921389999999999
9.418339999999999
65.75943000000001
29.967709999999997
22.37356
21.82196
13.593879999999999
9.57415
8.752130000000001
36.193659999999994
28.41481
18.4374
26.60275
24.145310000000002
22.52992
34.84494
62.40011
53.09868
58.350390000000004
48.38758
57.52405
32.12813
26.827779999999997
20.3213
16.22465
11.20609
11.10211
9.72684
9.08587
7.64544
10.07466
56.896930000000005
47.63431
37.79975
37.918620000000004
41.375659999999996
29.76186
33.13391
24.70569
24.46237
15.44028
13.42712
16.57817
12.40375
10.95561
8.61324
23.62024
19.9114
11.58515
16.5487
12.42052
13.484129999999999
12.0676
11.57558
11.86324
11.32565
12.59677
12.14023
13.97666
39.65872
41.53257
28.058429999999998
27.63622
8.07269
6.1744699999999995
13.84025
17.269289999999998
14.703729999999998
14.096060000000001
6.39576
6.872439999999999
5.46936
5.46276
5.80829
42.944759999999995
57.400580000000005
36.877340000000004
30.50064
19.31527
6.60508
6.175730000000001
5.7499400000000005
6.16338
4.96588
4.39893
3.37404
3.06838
4.89377
4.80275
47.774440000000006
38.13289
49.83065
31.359740000000002
15.73784
11.64172
9.554789999999999
18.90202
18.731379999999998
13.32414
20.91495
20.88928
12.080869999999999
15.96921
16.623739999999998
69.27573000000001
43.91174
17.8988
97.50711
77.76321999999999
73.27048
69.22569
60.4758
47.755359999999996
44.20734
39.02926
40.648759999999996
35.95101
44.19031
23.0007
22.154220000000002
15.795779999999999
13.262
17.23534
12.52299
10.220939999999999
13.48865
7.71777
5.60757
4.5208
4.40837
3.97325
4.75548
45.133340000000004
51.346470000000004
27.349459999999997
24.69214
20.7657
18.44098
13.897860000000001
9.52157
7.479830000000001
7.032589999999999
7.1318600000000005
6.95795
8.69183
45.38697
40.7428
36.43783
40.12147
27.245359999999998
36.503440000000005
48.86874
48.45598
47.28999
40.86012
32.531420000000004
28.76744
23.609189999999998
20.2711
20.80663
53.42431
49.780409999999996
46.64517
46.23307
43.0805
30.727090000000004
34.37192
27.56795
22.47489
19.11167
16.67674
14.23546
18.19839
15.508820000000002
88.41073
90.76531999999999
80.32213
73.47700999999999
58.47458
53.75252
49.89583
45.98568
41.43864
44.82509
37.63912
5.81995
5.46042
5.82578
6.804289999999999
46.086459999999995
38.25655
43.31081
30.352970000000003
31.459840000000003
29.189629999999998
28.36047
23.45818
18.952779999999997
16.59356
14.27847
11.01309
43.283
26.06564
20.6783
11.98065
10.55747
9.46846
8.404760000000001
8.228530000000001
8.16569
8.10699
7.08431
8.28244
7.22195
6.16856
4.71075
42.031729999999996
31.34996
31.95441
24.510820000000002
15.690620000000001
13.380870000000002
10.13123
7.176769999999999
9.850389999999999
6.75944
6.32784
8.11396
9.10246
37.59075
39.94853
38.02561
27.185059999999996
22.74513
17.574270000000002
6.76289
9.12429
8.32927
10.30059
11.1862
11.226189999999999
9.25132
8.15573
101.3826
79.44657
54.99378000000001
57.908
51.54874
46.65152
61.96821
56.79546
62.62453000000001
56.553059999999995
29.62305
26.39215
27.371959999999998
31.48732
31.133740000000003
40.97809
36.22509
29.91317
29.26062
21.43619
23.6059
21.90859
18.13082
20.00775
18.46472
19.36865
17.47092
17.35091
30.54413
19.715629999999997
18.35143
15.82685
12.57103
15.40741
10.97822
7.38302
18.09348
16.8257
16.73353
15.35017
13.239770000000002
11.7058
8.59811
29.35867
22.983079999999998
21.99554
21.75208
18.73245
19.88208
20.15736
17.261229999999998
14.27225
12.1989
12.648810000000001
12.567089999999999
12.12778
48.489709999999995
52.21913
31.299979999999998
10.22788
9.35122
7.5063
6.4751
5.58861
10.38086
9.93937
10.0133
9.89645
8.43644
12.22591
97.15778
93.51573
72.99813
58.8132
49.69174
49.712740000000004
60.03913000000001
56.63535
42.62355
42.005759999999995
27.6789
22.642879999999998
22.92598
21.34834
28.7903
66.48568
73.57385
67.98962
67.55339000000001
49.74827
50.90876
37.62664
36.50342
33.126329999999996
30.863129999999998
26.54655
57.53483000000001
53.85289
38.8425
38.58008
33.20832
31.79243
31.143420000000003
27.46037
24.253
16.99736
14.1656
15.495079999999998
14.05166
11.40037
54.41891999999999
72.76875
67.52016
61.61905
38.98008
28.381970000000003
9.86624
5.09788
4.94859
3.77092
17.66094
54.59765
49.14651
59.33263
39.732659999999996
46.06065
24.85807
27.35493
33.7533
30.75925
35.558479999999996
34.734609999999996
36.04141
30.022470000000002
30.15938
107.9497
94.62742
85.8825
80.61414
71.63553
62.8074
55.259009999999996
63.51105
73.63421
32.61438
29.928179999999998
24.615389999999998
15.211129999999999
15.098579999999998
16.633589999999998
53.600359999999995
48.837270000000004
45.21475
34.99262
31.818279999999998
31.45947
30.85851
25.97865
22.40074
13.84407
11.89524
15.13473
18.23905
50.1825
28.912229999999997
24.0843
19.511879999999998
12.9281
16.20211
14.153870000000001
13.993089999999999
6.83102
6.583480000000001
18.363770000000002
18.518620000000002
17.05591
14.826620000000002
53.86549
52.813719999999996
38.686440000000005
29.598259999999996
28.21088
25.48495
23.50785
21.77315
17.56212
19.8902
25.92282
22.50216
35.881859999999996
30.948190000000004
21.77799
12.77259
13.10709
13.03593
22.99956
34.42358
27.9327
26.862070000000003
25.45959
21.15459
18.659270000000003
17.65032
16.40494
127.29287
111.73708
105.96332
20.92149
20.04774
18.19903
19.614179999999998
20.84585
17.13397
15.78685
14.98364
14.085270000000001
14.83508
10.8141
8.9044
71.90408000000001
54.12454
59.97015
70.73138
65.73957
58.12372
48.585409999999996
48.23833
24.83006
21.91894
9.94767
30.62671
26.455309999999997
16.87213
12.55824
12.0428
9.66736
9.6169
7.4821800000000005
7.269019999999999
7.1009899999999995
6.47417
8.01857
6.29215
12.43873
21.04632
22.41806
15.436670000000001
14.57632
15.09498
12.25118
11.28239
5.742000000000001
3.73294
4.82189
4.82129
8.31776
6.33253
54.75253000000001
47.7824
45.06393
38.2155
37.80984
29.121859999999998
28.300490000000003
27.74983
16.24469
17.99888
13.893460000000001
15.09194
14.15831
13.918289999999999
112.36032
89.88453
82.71378
67.80527
10.64201
9.10455
7.177160000000001
6.32555
8.57312
7.4504600000000005
13.772279999999999
11.6893
10.91601
56.18883
49.683820000000004
40.838840000000005
32.41661
25.38457
23.45662
9.23165
9.15738
7.789969999999999
2.19089
2.26095
1.94776
2.1979900000000003
2.13408
31.79467
19.61382
17.647289999999998
16.2973
12.74898
13.644110000000001
14.744879999999998
14.86789
14.26605
10.165510000000001
6.4111199999999995
6.0359300000000005
4.81794
5.03081
65.76143
62.54205
53.16933
37.45343
16.30487
13.481570000000001
12.66714
10.38112
6.303030000000001
5.86572
5.34311
5.39921
32.578559999999996
29.58845
14.1491
10.5065
14.748
78.79527
71.47689
65.13465
63.1965
13.32499
12.947280000000001
12.317689999999999
11.72071
65.83037
114.74068
109.25763
61.89399
44.79293
30.186390000000003
25.805
22.26594
21.78813
21.00485
20.08876
16.21317
13.12394
11.63873
11.002930000000001
10.47392
52.4931
44.032920000000004
36.786159999999995
28.283890000000003
25.19511
24.939239999999998
19.047320000000003
13.015089999999999
12.18878
13.414010000000001
13.09197
8.38841
8.5062
42.36538
36.26141
39.95438
33.07232
26.91378
26.29755
10.625960000000001
10.18646
12.33575
11.44285
10.682030000000001
10.051910000000001
47.31493
38.64311
38.58343
32.0139
29.67553
29.036579999999997
24.64506
20.35108
24.61766
30.384459999999997
27.505020000000002
21.10688
31.837559999999996
22.19848
13.14308
11.53111
10.412510000000001
17.15685
13.984029999999999
13.345070000000002
12.80526
10.3067
12.02592
11.058069999999999
7.73574
7.31204
25.22724
22.14564
17.95873
17.28454
11.39091
12.157119999999999
11.696010000000001
11.37525
9.17716
10.22901
6.95872
7.090489999999999
4.415690000000001
5.35
9.181560000000001
30.48583
20.148310000000002
18.79283
13.9001
7.698580000000001
6.01065
4.85233
6.193969999999999
5.16787
5.05253
6.08116
6.06234
5.20887
2.11153
53.91714
44.61551
44.64958
34.59185
28.213309999999996
28.48961
32.06647
30.040229999999998
26.487479999999998
23.69696
22.97221
19.83793
22.09011
72.18599
69.38658000000001
58.44472
42.11627
24.785020000000003
19.570729999999998
19.3406
16.4502
12.67619
10.48753
5.80641
4.32167
70.32826999999999
50.84254
45.11965
44.33177
40.56122
36.38675
21.76295
17.666710000000002
19.167170000000002
18.64955
17.46034
17.23789
125.21553
112.72405
103.15518
92.48995
68.10616
51.41747
40.977109999999996
39.18026
40.82582
36.56301
36.02926
34.14842
35.59868
39.23766
52.63505
46.499520000000004
38.266040000000004
44.211059999999996
30.19827
30.60053
19.198320000000002
16.70533
26.51032
20.913970000000003
58.84474
52.924780000000005
44.62892
28.407220000000002
22.69107
18.68376
15.13331
14.936739999999999
22.74914
11.511
9.96322
10.8793
15.05458
65.71098
44.212270000000004
44.88255
27.737640000000003
25.73094
22.338060000000002
27.028809999999996
22.13109
21.04201
16.66116
9.94176
10.23577
50.30637
20.30097
18.07955
14.879179999999998
13.952829999999999
12.2099
52.456509999999994
57.496669999999995
45.87945
44.87469
51.90415
73.97108
101.25368
91.58559
76.29534
67.13824
42.87573
37.62271
43.22429
42.56212
6.40144
7.34075
6.25986
5.23189
4.75303
5.95303
9.61233
60.92745
27.974190000000004
25.33586
23.16075
19.20508
16.83151
14.828970000000002
29.614790000000003
23.99246
49.73943
50.43723
37.97534
28.053490000000004
28.01339
24.13177
21.22225
19.00027
14.67116
12.80109
11.57075
14.72533
18.62814
22.11823
24.05074
22.96011
23.84469
23.48384
24.66553
21.33065
18.684
33.93087
37.38017
15.56235
14.374839999999999
7.166519999999999
12.39401
44.724759999999996
28.24073
24.81544
22.04316
19.92044
18.3166
17.99555
19.73245
15.93105
16.81853
31.939040000000002
27.596809999999998
27.269029999999997
25.77862
24.23609
94.06097
89.32785
80.20326
74.16483000000001
82.86022
16.0566
14.220979999999999
6.25059
5.88927
6.24709
6.9759
12.47533
11.11155
9.427019999999999
8.2056
57.513909999999996
42.590709999999994
38.68152
33.436659999999996
28.20487
26.95828
26.45572
16.48021
17.04624
19.07507
15.60777
25.95749
34.24325
55.20304
51.935959999999994
46.72692
38.115840000000006
30.02229
21.39506
12.90413
11.516960000000001
8.91865
7.348439999999999
9.47165
9.933110000000001
63.80056
47.90804
47.96457
40.801809999999996
36.06365
38.944790000000005
29.797220000000003
24.57187
24.134079999999997
23.05884
21.08266
62.25855
54.827369999999995
53.67183000000001
31.17316
27.875529999999998
24.58671
8.28894
7.49591
7.1032399999999996
6.77835
7.03142
7.48872
76.09934
65.68088
54.51764
49.617
38.73017
37.17811
24.08771
23.45274
31.827509999999997
30.9106
29.807440000000003
20.42437
16.08253
12.974910000000001
26.26319
24.52882
23.06671
21.40621
21.19591
17.05132
15.67888
12.99697
13.71662
9.62474
10.59721
23.72147
66.71829
55.833459999999995
59.684740000000005
53.30826999999999
48.23134
34.37438
28.46732
25.58033
23.80353
24.44996
26.22805
52.593959999999996
43.66211
34.97059
32.927859999999995
38.65396
35.602059999999994
35.29071
32.65597
33.731609999999996
30.964290000000002
27.92512
20.68282
43.19145
40.77528
31.399929999999998
31.064840000000004
13.30066
10.05145
9.43237
49.72033
56.3092
45.20732
40.96844
36.53268
65.24629
56.240840000000006
55.67958
49.2057
55.89125
44.163270000000004
39.68419
36.57946
32.0944
68.75629
74.09798
13.120779999999998
12.44454
10.81168
8.21765
48.1157
41.52956
34.847640000000006
34.45694
22.09155
10.947339999999999
14.96551
14.76136
14.665460000000001
30.160829999999997
27.73491
25.966160000000002
29.165309999999998
33.30101
29.36213
19.46875
19.52855
31.89085
30.178340000000002
27.696920000000002
21.07539
24.76608
16.25733
11.341560000000001
14.52263
21.38939
40.8072
40.74881
36.400729999999996
24.72133
45.25264
50.69186
52.25421
48.45078
33.661640000000006
28.022070000000003
21.0163
10.58549
8.71831
59.651419999999995
61.10025
55.35892
59.579130000000006
52.44388000000001
61.98457
35.676629999999996
35.12469
27.21848
25.88447
112.80391999999999
89.41698000000001
82.0591
68.72769
52.502669999999995
48.26298
45.68805
43.4182
33.012240000000006
37.30376
33.18649
36.061609999999995
30.27092
38.31924
34.66082
43.438359999999996
33.56658
45.47885
41.768159999999995
38.20997
31.0465
23.52459
18.04683
20.39369
12.32656
15.87001
57.40492
69.54583000000001
46.87619
50.81655
40.23089
45.67151
57.53545
43.94751
35.67187
28.358359999999998
24.07992
24.887529999999998
26.25175
31.545270000000002
67.00044
55.69696999999999
46.14839
55.35573
71.19713
54.92256
50.91216
29.21906
27.521079999999998
31.19003
30.385209999999997
22.82544
21.29542
63.41356999999999
57.72806
44.44956
47.335640000000005
42.982279999999996
21.92516
21.734560000000002
17.21442
13.7068
15.484029999999999
15.263179999999998
20.55967
112.96694
85.14005
85.31572
64.72121
52.05048
52.62445
50.42244
41.37077
38.49739
6.48416
7.67598
7.5521
6.06671
5.49374
3.4273
52.92273
51.646840000000005
37.58347
32.30639
34.98558
23.9075
20.267889999999998
15.51958
14.51525
13.531179999999999
12.9769
11.82885
47.179320000000004
35.840720000000005
35.94932
26.1178
15.86483
14.95711
12.32046
11.15904
6.909510000000001
6.27144
3.05429
2.9375400000000003
57.82519
41.56973
33.32045
32.5818
29.09921
29.90767
17.918039999999998
11.12042
13.459320000000002
14.16608
13.81905
52.86936
47.50931
41.564409999999995
30.091309999999996
18.97462
17.99503
21.312620000000003
15.06626
10.193719999999999
15.39952
6.33985
4.33279
115.21829
108.09438
96.19584
84.30713
64.29383
54.10695
46.47206
40.88297
33.23059
35.422309999999996
41.94052
37.081109999999995
30.54727
46.583059999999996
37.59643
29.8367
33.61764
31.92005
42.29535
40.61926
28.23235
25.31095
37.92052
35.28908
62.3231
51.526990000000005
42.851620000000004
33.16087
29.309420000000003
27.895359999999997
21.98745
24.70861
24.010939999999998
20.2818
22.57745
20.98699
23.20693
18.819020000000002
61.46375
52.75488000000001
30.45978
24.72559
21.458479999999998
18.23078
18.10749
17.26898
16.6003
15.62737
14.934370000000001
15.051029999999999
29.5933
27.338829999999998
27.38035
18.65772
13.07882
12.06735
11.37546
10.610339999999999
9.24891
11.942730000000001
13.32461
11.41122
114.75886000000001
107.97861999999999
85.24013000000001
44.26612
40.10306
44.024029999999996
36.73987
27.14145
30.2385
23.090989999999998
15.08864
18.87698
17.4903
17.43854
11.32964
89.3206
61.0229
55.70166
43.92318
37.39054
33.84673
29.9253
23.1032
18.59011
20.54884
46.68772
38.19109
32.5338
23.78361
21.41228
20.92609
20.757460000000002
26.658520000000003
22.473779999999998
24.43315
22.02166
26.09307
24.319689999999998
16.51905
14.20858
10.92452
10.29353
7.591060000000001
5.77367
4.842569999999999
4.4610199999999995
3.6387
3.2351799999999997
4.22199
6.55855
39.27355
50.88807
43.70366
42.96777
38.27734
32.815909999999995
33.62192
29.40881
27.3295
21.05493
24.17877
16.50079
12.54528
16.8397
99.36963
72.08924
65.58801
61.078959999999995
54.66199
10.72064
9.080010000000001
8.92186
7.82291
7.1977199999999995
5.3308
17.78183
22.0531
25.42452
64.30708
68.50936
76.69154
56.45005
43.97418
23.59327
29.75787
40.79655
27.175459999999998
15.707329999999999
14.949639999999999
73.51576
71.1377
38.76525
40.30277
40.37576
24.578470000000003
19.371589999999998
18.24396
15.550070000000002
17.18121
74.26384
62.234609999999996
52.18036
42.45062
39.73707
31.37361
22.881610000000002
26.45484
21.33183
18.4517
15.913
64.35656999999999
53.11541
43.11708
37.448170000000005
35.48308
28.56385
15.400429999999998
12.97783
12.759839999999999
13.62551
16.08091
123.56697
123.62131000000001
109.21597
92.80566
74.71755
61.840540000000004
58.749159999999996
48.36182
46.64067
34.19296
32.20599
44.76767
34.03062
36.77463
59.936580000000006
58.715959999999995
37.810970000000005
31.5369
29.0131
44.011790000000005
45.40674
39.5485
40.52393
37.48089
29.08901
29.53176
31.14756
41.38885
36.51193
30.90134
30.7632
30.066809999999997
25.30434
23.65909
18.712670000000003
18.59277
14.42005
14.561589999999999
61.66245
44.82768
43.262679999999996
39.49295
12.58644
13.31781
10.08628
8.215
8.20708
79.81231
58.48883000000001
26.92499
31.21606
33.87014
17.38224
12.915339999999999
8.026580000000001
7.39768
7.244219999999999
5.64005
114.52909
90.89865
101.43168
87.57776
81.15683
71.54557
12.62389
10.96216
10.2477
10.14579
8.290569999999999
12.37914
11.929210000000001
14.236970000000001
10.63762
82.89081999999999
37.92907
25.6189
16.926
15.85726
23.72713
22.24461
18.11673
12.14446
10.12778
9.03642
38.83598
32.99333
25.19424
21.05423
21.69965
13.3829
20.528029999999998
19.263279999999998
24.90093
19.47513
18.09515
15.19075
13.64661
11.39047
45.9112
38.05923
47.39587
37.96714
23.632820000000002
20.45591
21.28406
16.54277
20.130689999999998
18.91037
15.4169
14.64425
71.22570999999999
58.53491999999999
51.95632
46.18496
38.99779
38.31122
24.356370000000002
22.52075
14.2988
11.687560000000001
120.5905
113.25348999999999
101.27725
20.7558
23.27006
72.58169000000001
69.28126999999999
37.553259999999995
31.58101
18.9114
17.0228
16.07544
17.156679999999998
14.74155
13.722760000000001
84.44939000000001
57.02084
48.536970000000004
42.12596
38.832409999999996
27.906840000000003
21.93113
19.38833
18.758570000000002
9.15452
6.25858
85.96616999999999
81.5652
63.6051
61.80389
60.62613
46.557559999999995
43.11042
41.75055
47.28125
39.62725
17.08309
13.35268
12.301910000000001
12.23419
10.59956
8.449689999999999
9.20878
8.73645
8.13837
27.68113
24.61476
19.31932
19.35577
13.84329
13.57562
7.88352
7.20401
6.96977
6.39089
6.27326
118.87078999999999
101.30699
100.01184
84.17931
76.22296
70.56067
75.77216999999999
57.727030000000006
53.19849
10.06358
10.59992
8.90346
11.04832
8.044960000000001
9.96294
62.21913000000001
42.919290000000004
39.08193
53.244780000000006
79.38221999999999
66.43363000000001
49.18235
27.45063
24.79605
25.03525
26.52538
72.78554
27.563609999999997
22.90523
7.73026
6.61305
6.5064
4.64803
4.7114400000000005
3.7285
3.5085
43.038340000000005
49.78512
38.8634
37.041909999999994
29.33995
26.24724
24.04105
22.75966
17.9885
17.029329999999998
20.82195
19.47201
19.772479999999998
86.74643
77.51966999999999
54.9364
61.52263000000001
47.52
42.50445
35.55281
26.653440000000003
20.50628
30.43151
21.27069
102.82375
96.81015
76.13828000000001
69.1058
72.1397
61.25851
39.510670000000005
34.60737
23.4778
19.28081
18.18177
21.35649
31.091479999999997
29.521440000000002
15.80495
77.61898000000001
66.85811
55.944919999999996
49.58972
16.70264
11.81723
11.19073
9.77794
10.40865
11.2786
9.72966
77.69419
78.62658
58.6778
48.54144
43.74289
38.80368
33.72622
43.14776
32.89552
31.63315
64.12162
57.371230000000004
52.150909999999996
60.450359999999996
30.59597
22.85412
25.79936
25.38946
22.658910000000002
22.92576
17.65161
18.0516
77.6202
63.1299
32.784690000000005
39.37506
52.75011
33.41158
29.50872
27.45022
25.86903
106.24615
91.45206
38.1401
35.67184
34.09138
38.5597
30.75739
24.61038
21.24651
14.19116
21.497329999999998
20.11277
21.16185
20.6065
24.12659
22.9448
23.92049
16.71552
15.48241
16.162129999999998
9.6179
8.88239
7.805389999999999
6.626289999999999
11.51604
14.89141
7.86445
4.19329
3.7656300000000003
53.01024
47.96864
14.996879999999999
12.63236
12.72914
10.51344
8.165230000000001
7.64213
6.80801
5.07503
61.34952
44.3785
40.95244
50.40605
48.52888
44.801429999999996
25.95748
15.671560000000001
13.865820000000001
86.27058000000001
75.143
48.04035
43.35815
29.73641
28.664
28.1672
20.98759
16.80189
88.95519
65.36495
47.38675
40.08041
33.89915
13.8855
10.056280000000001
14.04289
13.62
12.87931
12.43168
8.792810000000001
7.889480000000001
60.65146
55.35782
37.76775
23.75936
21.46279
21.02702
20.298
17.37664
17.40335
14.371929999999999
12.155389999999999
11.12374
8.12572
59.27665
53.46374
35.52918
28.43116
21.809720000000002
19.753770000000003
15.67636
17.44142
15.1963
71.74055
62.63686
20.42267
14.73095
14.94556
13.341660000000001
10.15498
8.821710000000001
8.054269999999999
9.275310000000001
7.59058
57.90224
50.53925
37.14243
35.33316
26.76817
19.6889
19.50098
21.4746
20.47466
13.28561
10.77966
9.700330000000001
12.262189999999999
125.82797
113.46538000000001
102.91503
93.83671
77.13274
65.80261
66.71132
61.44389
71.34193
50.447720000000004
49.550959999999996
45.02048
37.09732
26.960440000000002
23.05518
81.08619
66.44489
54.87466
53.639359999999996
43.88073
44.76697
41.09078
25.68595
31.64303
27.63138
95.42286
61.11338000000001
53.90421
43.14074
36.592040000000004
26.05881
31.89394
30.09054
28.24178
67.5464
54.57249
37.73818
27.013340000000003
38.744859999999996
13.46089
13.369589999999999
12.42928
14.702760000000001
70.30461
77.35744
73.7183
69.33663
47.09012
32.86453
11.1372
9.187619999999999
11.95828
8.8012
50.32546
114.1038
90.01671
82.5934
104.88826
90.1376
82.50737
71.42990999999999
72.90248000000001
71.08887
68.45178
56.031209999999994
50.11537
55.08926999999999
46.81043
51.298770000000005
60.496359999999996
50.51698
46.57436
28.6911
22.451179999999997
18.16779
17.521739999999998
16.43702
18.07027
13.9101
11.385060000000001
13.09218
12.234630000000001
74.29071
67.90156999999999
50.72509
47.56712
34.16131
29.225340000000003
24.98902
20.31544
23.58361
16.338929999999998
60.2378
66.35045
49.07465
41.97753
36.884479999999996
32.61412
12.51442
12.44661
9.35845
9.08335
6.61494
6.069030000000001
6.930839999999999
5.78866
82.77597
74.94115
65.93868
51.3328
60.38273
50.723079999999996
41.3285
33.89843
32.058820000000004
29.1506
113.74986000000001
49.6026
41.52884
36.74031
30.84742
29.353270000000002
20.80924
17.21951
16.351670000000002
17.48713
15.729339999999999
19.3822
16.47843
11.20556
14.6
86.15907
61.0463
49.23986
45.11741
40.87018
22.97616
22.78971
36.74374
33.698159999999994
33.16747
86.47104
68.86506
37.892590000000006
37.77344
28.9776
25.41062
24.021720000000002
18.086570000000002
16.58796
8.94058
38.94103
29.88083
28.60394
23.6915
17.25315
10.64348
12.304260000000001
12.1784
13.060360000000001
13.541429999999998
13.300679999999998
19.75112
22.921110000000002
81.824
40.22515
36.74926
31.64428
31.9951
27.944809999999997
28.721709999999998
27.47036
50.58829
60.488
116.77751
105.31513999999999
80.70059
68.06625
66.12074
60.94486
62.90367
50.7842
46.81256
54.97923
46.46498
41.92972
44.10181
38.3052
80.57838000000001
51.19471
52.452830000000006
21.43743
21.721020000000003
18.83934
17.35803
16.45263
88.77748000000001
69.70432
67.68908
61.026669999999996
46.057320000000004
43.25542
27.15403
31.18266
31.705740000000002
32.02975
85.81578
79.60750999999999
39.26089
27.29308
26.54784
18.78885
16.42193
14.443610000000001
14.559989999999999
61.1459
53.598980000000005
43.31824
38.614000000000004
38.24165
37.651340000000005
32.88382
74.61543
54.5549
51.67315
43.26598
126.67613999999999
111.41906000000002
46.60921
38.685520000000004
32.99492
27.1272
26.92773
24.95765
30.053340000000002
27.82123
25.74679
21.496570000000002
22.633370000000003
21.76005
20.61423
73.57372
70.94944
64.31626999999999
61.12601
44.0113
67.50345
40.43847
33.03779
28.78507
91.07435
60.54565
56.00603
46.43374
31.998209999999997
18.05251
15.94072
15.48666
14.2718
6.16345
59.07674
52.11067
49.04542
43.87189
24.09105
20.807129999999997
13.534410000000001
10.399230000000001
8.698089999999999
5.849019999999999
84.90008
54.55365
48.292120000000004
42.01518
46.57403
42.23568
30.8604
33.73337
28.3819
122.04091000000001
112.02075
85.17752
83.40449
87.42841999999999
75.73387
49.599990000000005
43.23317
37.31474
54.76051
37.52749
31.13638
28.89203
29.934490000000004
28.95063
81.51426
55.10958
31.057779999999998
30.677090000000003
22.88978
20.426
18.741239999999998
9.37525
6.8535
6.6064300000000005
42.30829
36.86721
31.99065
20.01988
16.75281
6.827310000000001
15.44415
12.96445
8.68675
57.00295
46.81303
38.95585
31.7319
10.16653
11.7855
9.12815
9.124360000000001
12.16806
60.49416
28.776840000000004
23.02635
22.30014
20.135939999999998
15.1201
11.24635
10.85796
10.635110000000001
13.8729
13.287889999999999
107.97313
93.32348
87.43794
71.02031
59.839580000000005
49.378640000000004
38.3725
22.75548
18.56457
24.58701
23.09881
84.75716
72.38664
62.9614
55.87149
44.795759999999994
32.2806
9.70678
6.93415
6.9431
8.33568
54.982769999999995
36.36593
32.75911
25.80482
27.506109999999996
24.30106
10.68723
10.41119
90.58631
42.71675
35.41792
32.96136
28.1425
25.37209
65.99865
58.99159
44.69246
42.14971
26.649590000000003
8.784889999999999
7.747389999999999
6.49045
19.359070000000003
13.77801
107.96696999999999
85.12954
64.44747
59.890440000000005
50.64604
77.36161
61.78207
48.4352
62.3676
39.46561
35.81306
14.66704
15.58854
15.174729999999998
16.02475
84.14158
57.95328000000001
37.33293
27.73705
30.453259999999997
10.17104
9.6441
14.2833
13.66071
10.51555
74.61375
59.81864
55.71369
35.948859999999996
28.793129999999998
38.5713
24.466379999999997
31.21016
30.77648
33.36987
63.80248
37.95454
35.85134
31.514879999999998
30.406940000000002
16.88798
26.46893
24.738960000000002
22.5707
84.32871
65.84182
68.4103
66.34597
74.18146999999999
21.40184
18.55917
15.27864
11.97679
7.551019999999999
116.03724
91.19915999999999
76.46199
91.42635
72.30411
61.337540000000004
54.92311
54.92595
63.31329
62.35337
56.335640000000005
50.41002
46.547579999999996
40.83148
45.02836
48.248259999999995
45.53118
31.70467
25.939
24.512179999999997
18.800910000000002
16.65314
16.47508
15.361770000000002
15.2991
12.45933
10.64488
9.27158
47.46127
37.942820000000005
40.32564
29.89115
24.13191
21.61356
18.2876
17.52282
92.39520999999999
72.07566
56.42754
42.998940000000005
35.70935
23.68816
28.93934
26.389129999999998
25.91296
19.85397
74.34947
67.16283
66.89634000000001
40.289809999999996
48.81985
25.98518
20.98583
21.65035
20.0811
18.42652
53.675619999999995
38.19913
33.90656
28.213379999999997
25.105729999999998
21.45447
18.560579999999998
17.10957
15.48821
11.95058
9.62646
8.61808
8.39098
59.33204
50.54208
36.5098
35.32298
21.133000000000003
20.28746
15.23225
14.46261
14.09184
9.41356
49.420840000000005
29.62064
26.90897
25.14648
53.50114
36.32519
40.36738
36.48005
32.95393
28.05606
34.91013
29.814940000000004
35.51548
23.64545
22.058329999999998
25.921670000000002
23.32859
24.79253
22.96239
26.17043
25.89324
23.88075
23.61662
19.36202
19.705920000000003
111.53922
108.47164
99.24861
87.92763000000001
78.00576
49.936659999999996
25.89688
24.29559
21.1886
13.42596
11.59945
12.92172
12.39096
80.97395999999999
99.34557
81.85894
29.84245
21.07875
21.423460000000002
58.63762
23.82659
19.72077
117.38641000000001
105.84228999999999
93.10095
101.67390999999999
91.16452
78.23662
60.38739
53.351890000000004
30.64098
26.68047
20.13455
16.10076
16.72946
19.24522
63.0033
44.46897
26.74395
21.41773
34.45536
18.34411
10.5602
112.9562
116.51612
100.07833000000001
95.87313
75.71673
68.68935
28.09859
25.142529999999997
22.94175
16.404139999999998
13.9242
12.34725
11.8056
11.186160000000001
45.02352
32.36671
54.459790000000005
48.4392
39.54765
29.460720000000002
24.06821
20.38928
16.144679999999997
14.95509
20.06125
27.51248
5.63274
118.21871000000002
104.05703000000001
43.78158
31.942040000000002
26.368809999999996
21.58585
17.52574
21.38702
19.64404
16.28829
17.523979999999998
21.25495
18.619970000000002
22.94572
52.415729999999996
46.99279
57.91228
116.06777
91.7757
15.25234
16.060470000000002
13.343779999999999
7.0152399999999995
14.15495
12.3682
9.22574
9.15903
10.4366
9.94401
46.61312
47.91017
43.83876
72.9756
53.2005
46.23563
40.46428
28.16108
22.893079999999998
21.9253
112.3099
95.50131
86.91332
69.03712
66.17151
57.97902
60.843469999999996
52.02998
58.30245
50.59414
43.91822
69.50365
53.258480000000006
20.4694
18.761589999999998
16.29944
29.55661
24.78855
27.63904
22.4312
21.297279999999997
8.44835
5.8554
5.85289
4.95186
4.315580000000001
4.18901
3.1174
3.64669
4.3261199999999995
26.28984
25.17172
21.754929999999998
64.57196
43.73855
39.86462
29.29855
28.29172
29.814159999999998
24.50196
37.28132
46.03332
46.58233
56.834669999999996
56.41927
45.535059999999994
38.762890000000006
38.683
33.10884
83.21273000000001
67.93518
45.04262
37.03718
32.03654
26.8839
28.58942
57.77165
46.15311
42.0692
38.72639
42.708859999999994
25.84714
25.207279999999997
47.34489
42.74951
40.12558
29.426579999999998
29.748009999999997
58.735580000000006
83.56168000000001
63.57572
58.97432
27.58132
15.918420000000001
10.61156
9.01436
13.6738
11.10765
9.072980000000001
46.77241
45.40672
76.9085
47.86867
42.82597
37.20604
29.900309999999998
24.442420000000002
13.42748
41.56543
31.788009999999996
32.32377
43.584309999999995
38.35774
32.02353
29.494490000000003
25.09433
16.85197
15.22375
18.29707
20.28275
72.34524
37.60308
31.35175
31.153609999999997
27.690279999999998
65.47546
52.29678
74.61918
67.15191999999999
53.060190000000006
78.80625
51.243759999999995
34.53332
23.73914
59.73044
24.29167
18.56419
18.7596
13.13822
6.69147
15.07567
12.39602
12.10078
79.17234
48.84675
57.67406
52.51144
45.751259999999995
40.128640000000004
31.057640000000003
27.14115
28.8221
27.828290000000003
23.439020000000003
22.43971
21.9056
51.11136
35.703340000000004
32.88897
31.30108
81.84054
77.88901
32.42021
26.14153
27.37078
112.00873
75.20199
57.12689
49.65791
49.0855
46.09282
38.97362
34.81311
34.26102
28.96991
42.32449
103.21703
94.20945
91.31618
71.51247
61.53755
49.05868
42.69029
41.99438
27.06959
24.14251
20.69491
19.57814
46.77305
27.39374
18.50635
17.03415
18.80767
14.95317
13.45607
11.13722
8.0256
8.47257
9.18765
11.38919
27.81567
34.39985
27.94734
17.26874
14.85887
25.09035
19.35269
16.65729
51.15924
50.43623
43.0699
36.59396
33.7211
23.24868
17.31114
23.56933
17.76682
15.87966
53.96438
43.83025
31.76505
27.18811
18.18861
16.2734
16.33256
15.38435
15.35255
16.29624
14.98149
86.29917
62.49672
49.89975
37.69173
50.12301
27.57055
26.75615
19.4479
24.97655
24.42063
18.9885
31.88327
28.70373
25.01209
24.90765
23.71456
39.59254
36.60084
27.91672
24.78763
25.25056
55.61352
47.44607
39.66817
35.39561
22.14168
22.09159
16.42874
13.94283
13.01483
10.31782
22.66347
21.18487
16.10416
6.71115
6.80778
20.73997
28.62976
17.9811
47.20723
46.09448
46.37974
38.78532
27.13586
18.64157
12.64435
12.15932
8.67243
8.74009
12.49702
110.33526
97.28952
72.8148
57.14016
52.73041
64.27051
62.63755
12.32632
12.94678
6.04633
5.43425
4.10879
56.59299
45.88967
50.83514
29.86026
19.08056
16.56945
7.82842
7.66564
8.34825
13.93447
17.85225
15.66446
13.17781
10.23488
10.88335
9.13824
6.43717
6.50401
3.657
3.0864
5.36411
33.03722
19.7086
31.00824
28.74116
21.11007
17.80421
7.34331
7.56976
6.35609
32.90452
31.32907
14.82396
13.02029
16.19271
16.12822
14.29065
13.26023
14.87291
10.12178
8.5577
94.95107
92.4261
85.82481
87.84933
85.87116
93.04044
92.34793
47.29907
42.63518
39.39019
36.75293
27.61845
68.84509
61.53921
43.06337
35.69431
22.09746
19.41002
10.39546
12.71461
19.06162
12.83574
8.09989
6.30172
43.63327
35.47848
47.03602
41.06248
33.862
26.67295
25.45452
25.14341
22.88093
16.04205
8.81807
56.63833
33.50546
26.10572
14.89496
29.29922
40.2318
36.99718
44.87552
41.78604
21.85446
15.35677
9.72557
10.27739
7.44796
6.36321
5.04614
3.71325
3.67065
3.34155
112.01504
105.65843
92.53369
79.85802
41.55296
32.49454
36.83343
44.27184
84.60296
69.65234
37.57713
33.99942
54.86617
53.1073
41.5755
24.20182
34.782
29.72232
23.51323
19.25595
15.10615
13.81846
13.06884
111.03064
97.49223
51.08768
36.71403
36.26112
33.18164
38.19234
32.49563
25.70273
28.03072
29.82408
27.37123
19.42015
18.26936
24.97776
24.54272
33.76486
27.16653
24.24482
22.4645
53.07197
54.44465
48.31204
37.81139
73.71939
66.84945
61.10185
60.50445
30.97434
33.92895
88.33389
84.19726
75.26486
64.99861
37.43931
44.20824
26.65127
24.45251
16.34167
17.52104
14.41761
11.71269
60.06402
50.94471
43.2641
32.77885
61.36264
35.19675
28.02716
23.91505
23.58319
40.31507
40.74346
49.46487
46.04824
41.65038
38.74731
28.9088
21.66378
39.07263
33.79995
39.67329
13.58761
99.2224
79.11064
75.15191
66.44538
58.10906
50.51699
56.83777
46.39235
33.43034
92.89148
76.81208
71.61483
61.05912
35.77011
36.44862
38.10135
35.02038
33.4635
60.37459
50.26624
45.8228
46.97254
48.29088
41.73414
39.80824
37.75406
37.71488
33.6579
20.98947
19.92389
29.56158
14.62841
14.87502
13.39225
26.94438
20.27257
16.52595
14.95249
16.9867
12.65851
11.49187
57.13458
56.69122
41.58183
37.86488
35.31113
33.07162
29.10263
24.8845
17.88407
11.78411
10.18291
99.30797
50.73889
36.61449
34.30507
67.02325
56.8309
52.90975
52.41371
61.60496
82.84025
23.51476
19.51644
16.00299
15.83959
15.01328
12.60099
9.87909
6.36582
10.07083
9.74478
14.7238
78.73959
65.70134
32.91432
28.98078
28.16582
43.7277
12.85289
14.51811
12.65668
12.39216
11.72868
50.31675
28.58284
22.82691
23.2055
21.77627
19.14116
18.27407
16.70019
18.57082
22.38687
40.86077
34.91482
39.03626
26.57018
24.87498
31.81895
27.04642
26.33027
23.45507
19.94309
18.0389
34.84412
30.47376
29.54454
27.8434
21.88787
19.58454
22.56182
17.8311
19.11026
19.8101
15.28752
50.66157
28.00101
27.27421
29.34734
29.22854
20.67749
16.44591
12.41792
11.44557
11.07992
11.11909
57.04642
54.81396
108.34138
76.0441
53.3376
52.77535
38.44677
34.74141
33.16442
33.6143
27.16589
56.41137
48.94599
39.10456
26.87696
23.70392
20.12947
17.99926
17.1099
14.73758
96.97995
85.2804
86.26722
98.63647
88.38771
65.19274
58.33382
49.10766
42.04354
49.8975
40.9458
32.25531
31.62073
23.95202
22.91245
31.80884
29.40268
29.99861
40.39711
28.00915
29.79869
46.37786
41.37166
36.94364
34.85276
40.3086
36.07758
40.36922
45.26884
32.24511
28.19191
21.4939
99.34189
86.46045
49.29539
53.16192
40.93673
43.22946
32.64744
31.48849
25.47699
31.08197
28.20383
38.34968
38.23994
31.43281
13.78741
13.07475
14.58124
6.61687
5.98495
7.1802
37.03369
33.52051
97.17486
96.71278
97.09471
85.74929
77.77861
53.0973
45.36728
96.54539
90.90561
47.12487
50.43978
97.3878
76.66146
37.13862
25.51371
122.16512
101.88188
91.73438
81.68807
61.09458
39.10049
37.06858
35.35666
34.06072
108.36555
102.6359
75.53373
58.64969
46.74486
38.89057
17.98556
22.78587
19.80671
24.70828
25.00822
24.57426
37.57108
24.49846
19.86577
15.95498
14.80596
13.59964
11.43804
12.39573
11.37789
10.92399
13.42544
57.43298
62.48964
51.02192
49.40708
41.8571
24.68902
20.44451
25.44823
81.11248
73.36393
64.19674
47.0843
35.28293
46.69288
27.10207
26.74193
32.2351
120.77435
106.7179
89.44139
80.36929
65.27079
73.7665
61.24778
54.78884
52.24895
48.03765
41.04531
34.93023
40.94875
41.07714
38.72997
35.34823
34.68919
96.89544
86.63455
18.28884
19.02512
13.22552
30.21906
25.31338
18.69984
107.55522
98.09937
84.73166
58.41435
54.19663
53.28014
30.00728
33.21667
33.28146
29.16645
24.63763
14.56906
16.18793
15.8967
11.10509
12.15421
32.43129
28.35398
23.81828
20.24898
14.0889
22.24519
20.58774
17.77338
17.07698
11.62542
108.92403
97.445
51.50091
48.02657
30.60218
30.13775
39.20787
34.48263
26.94498
28.93366
22.87715
45.35548
89.88783
77.84616
106.13715
93.36833
93.89331
53.1701
108.56145
80.3234
16.22064
13.57163
13.47331
14.46647
13.56097
13.29558
21.12323
19.32641
15.45872
15.46775
14.07835
10.68218
7.11119
7.05097
6.58647
102.1686
88.9952
80.41254
71.76208
44.78375
40.8627
18.07692
18.11486
109.2941
110.94554
93.36051
86.69502
82.67985
72.29378
65.63181
64.0309
67.82347
12.95008
48.47686
52.7214
36.52067
25.85467
17.84223
14.84956
12.3404
18.15825
17.95814
16.85372
6.82942
6.32474
108.04007
93.47709
86.56951
75.22327
59.32309
60.7925
45.20454
27.39883
48.00385
44.96393
40.1016
32.69632
26.16114
24.72143
24.11259
23.52125
24.32912
111.44282
111.46979
96.08515
91.73131
95.04588
52.79164
43.81449
36.69158
44.46043
42.09444
106.992
96.73015
78.44118
68.85282
78.84207
77.5687
67.50315
62.57947
71.4973
58.15361
48.55962
48.55901
94.8376
88.48643
90.2974
79.06508
63.22982
55.10477
114.06084
103.96444
91.02956
101.59523
85.51035
80.23775
65.34125
110.22804
94.6256
89.83971
86.52375
70.34536
55.34401
112.75743
102.68121
85.2749
68.85354
68.02259
64.92624
58.90329
20.39119
19.4949
15.16261
16.0487
20.30035
22.20447
16.75659
15.87048
12.65183
7.34138
9.10904
99.03983
93.14125
83.68227
83.24631
55.4927
51.23792
44.90501
54.58492
29.99017
83.12822
72.95779
66.57355
47.72174
47.3667
62.38259
36.34356
34.01208
83.51487
68.23581
55.84404
48.40123
52.40331
51.86403
48.20493
88.72838
93.1555
41.29452
34.14617
28.76882
27.34857
28.05821
23.45649
44.22081
43.11549
22.77809
15.37512
14.87547
104.50097
101.38157
41.8537
39.27262
34.3653
32.56793
23.99902
59.06087
63.72571
60.78379
59.36361
31.16152
111.85105
96.66844
91.60729
76.57978
73.44565
66.31438
73.54844
110.64281
95.57706
80.81317
71.66174
57.97139
59.86636
50.77657
94.66837
79.645
62.9533
51.67264
28.2072
21.67372
20.01757
100.52941
94.63374
86.17336
78.93972
38.10698
35.93824
36.16395
100.39692
88.15512
83.82961
80.25578
70.81968
36.85302
39.71837
31.29953
36.95045
49.63227
37.35823
31.40149
27.75287
26.28983
20.96216
19.9747
10.26626
8.62986
113.46002
105.55602
90.06813
16.904
19.09275
114.89284
99.03101
90.01221
79.95521
36.66044
36.15148
27.7114
73.1411
68.11038
59.77684
52.35859
45.57405
34.38033
35.39434
44.86278
106.37598
75.11683
67.2359
62.12873
55.59967
52.41279
51.68356
42.02153
44.59647
50.11219
41.71979
18.59135
107.30404
82.73154
35.08824
33.93113
31.05262
29.4956
107.21777
102.33122
91.91985
79.77587
71.6668
79.86674
62.57478
57.10994
57.09945
37.33993
31.14535
29.45521
23.5509
22.82864
20.92458
20.59255
13.24913
13.13205
100.90009
59.36682
34.95254
30.62975
24.01169
19.59932
17.78319
18.27167
17.5555
15.11288
120.31004
108.71338
89.33992
71.61883
69.37358
62.31479
57.03032
48.27833
43.25594
36.24238
30.1244
27.24084
21.67201
18.36778
14.22883
11.38269
14.32856
10.91557
93.67878
62.52048
25.50528
31.493
29.6625
113.60059
108.20313
20.98662
15.21898
11.31684
104.31927
96.22732
18.58141
45.30854
39.61199
36.79174
33.09504
108.14715
84.30446
67.58174
60.36748
73.38373
62.18026
60.65562
50.22949
51.65644
50.95148
48.32824
62.7688
56.69142
50.32547
46.32349
82.16307
38.37779
25.43641
22.48073
23.49531
32.84167
23.28707
20.5525
21.72859
19.78764
17.79073
103.82745
96.62196
79.29855
85.1592
63.08938
99.9287
85.53427
39.80613
36.62697
28.95133
99.03903
107.42097
97.66062
87.22779
72.49624
59.02356
51.33501
45.93007
33.2024
35.4867
30.24735
86.51505
83.2517
111.69544
110.45197
100.30493
99.50546
87.59917
96.34006
105.13519
88.07522
90.70087
74.21479
68.35357
67.82568
64.70383
71.21958
62.44195
61.42053
56.91961
49.0098
44.5198
101.55384
85.9689
76.6979
69.30787
60.29394
56.74076
11.32771
9.58122
12.13107
12.38114
9.36306
113.64335
96.4859
81.81884
29.29528
24.74254
23.43999
21.30632
68.03983
60.30294
55.22648
61.97726
29.29766
25.20526
23.55863
22.4396
14.47441
10.2988
7.85515
4.65181
62.46723
61.88839
53.63622
47.93297
26.97886
23.43455
21.58294
21.35
17.01691
16.76221
70.52364
42.73593
76.28535
96.93565
86.43145
56.86197
58.49409
49.3435
39.33601
46.79664
34.25644
32.67024
30.90514
28.64568
88.97832
82.61888
63.60748
58.99458
34.08069
95.29807
82.99774
71.03585
50.83486
48.31089
56.65284
75.47135
68.5139
62.24024
56.6656
10.38664
49.49547
46.71833
42.04236
34.62786
37.62969
29.24142
27.92038
22.05678
21.3684
36.78179
25.3746
95.67089
77.79841
74.24819
73.12739
65.8801
20.7534
17.49971
16.72809
12.13655
10.42121
57.30963
51.29151
42.58658
63.93635
51.74705
44.94723
37.06173
19.11187
18.59794
11.55941
9.12698
11.19913
96.96362
78.23238
63.60175
50.91308
35.87156
28.81199
22.56527
22.9835
22.98468
22.86168
32.65376
110.1186
93.10112
93.17132
97.42346
87.54701
82.0896
14.6139
12.32182
9.58608
95.2011
102.78193
89.28538
94.62655
89.8468
85.97607
84.89419
37.60663
48.82213
42.5386
24.57124
32.62083
27.78196
24.50399
56.59435
64.85831
59.0159
87.33116
88.72632
80.54207
74.56521
91.39447
90.08094
73.89527
63.45109
11.53649
10.55783
104.24964
78.9696
70.36593
59.89612
53.26396
90.22451
89.8958
16.21285
15.89713
12.67127
110.29177
97.0379
92.62354
78.82076
15.95171
9.30461
7.77022
37.40148
34.93896
30.34561
25.90883
85.21366
79.30017
70.96065
66.31626
54.92575
94.0736
85.9224
79.88561
80.96683
35.71121
34.13358
35.43184
26.03182
27.97921
31.87239
42.60478
43.35655
40.02153
39.42034
58.18055
57.66752
53.66093
46.68143
45.27307
38.00839
95.89244
91.31913
40.42451
33.66916
22.35393
21.5001
15.51495
12.60077
8.1762
7.90221
7.25007
47.99947
43.89004
35.32694
27.64582
14.80809
12.3819
12.13389
16.09269
42.43075
25.76247
21.09711
16.25714
14.05529
14.20697
12.48026
12.18216
8.55906
7.97301
13.49569
104.83433
85.20864
114.6179
39.61941
43.27417
35.27736
29.14888
23.71814
28.94678
27.79272
27.62026
38.21409
30.7607
98.44248
68.89498
60.7138
53.339
26.87098
30.67967
24.46036
46.88
43.69499
92.84605
47.38722
48.22304
44.33068
33.66454
61.4794
53.77677
35.83012
33.12676
31.9392
29.27601
110.72543
93.19471
81.71159
74.63715
65.81461
69.19219
30.13062
91.5744
71.33272
59.27241
58.26292
54.04835
103.18529
96.29821
83.21119
115.22998
102.4832
85.52416
93.08873
91.78477
84.36416
19.079
18.40231
19.25035
16.14401
12.96397
11.46426
41.56008
25.93975
16.06386
15.26675
14.32991
15.20296
13.16644
9.8766
13.98471
12.73325
9.30869
82.95309
40.05316
35.5277
25.75306
23.95761
22.01023
19.57718
17.61921
18.40674
14.35015
87.08874
83.45206
45.35113
46.8466
97.45111
85.00478
67.41153
61.75275
53.92946
48.52209
9.51734
7.56644
7.72744
103.58922
101.39321
86.2727
76.48385
96.89452
102.84763
101.35515
92.46328
78.19141
84.75154
15.399
14.00764
13.5117
11.41791
8.36046
6.43828
38.37276
26.71941
20.68772
18.01639
15.36945
21.22071
20.68713
17.79138
14.0292
20.25553
19.97599
