10.57762
11.52699
10.95633
9.31212
7.9851
8.56538
8.45322
9.56801
9.33764
11.29617
10.32914
8.7289
7.96014
1.36082
1.25492
1.2715
1.30916
1.31276
1.55634
1.73645
1.73126
12.73004
13.68793
10.74439
11.82929
11.11022
11.16895
10.1621
13.82757
9.85683
10.7621
10.29597
9.82357
10.81088
12.43438
12.54979
15.29741
8.23161
7.18946
6.20199
10.39746
8.19051
8.34129
9.195
7.02193
8.32987
9.67893
9.6328
12.18265
13.13008
9.43749
10.18421
13.91135
12.52267
12.34701
12.46663
11.17452
10.7258
10.64951
10.98558
12.54828
12.32212
9.73472
9.91713
9.51131
9.91
12.27905
9.39544
8.03382
8.51124
5.86185
5.21917
4.96614
5.29568
4.78521
7.02569
7.57402
7.3184
9.01815
9.90675
8.6921
6.46216
6.75545
5.90979
5.80815
6.37666
6.63304
8.92515
8.28124
5.76569
5.98694
5.21861
5.01102
5.77588
5.36522
5.56743
6.31263
6.52305
13.88028
10.75991
11.42495
15.09978
20.74049
20.51479
17.74332
9.81674
14.41223
18.35914
22.88352
22.02234
22.60037
18.25087
18.44672
15.8801
19.21153
20.18022
19.93954
16.66359
19.13238
24.97541
23.53336
18.02105
11.63272
18.48655
15.64221
15.82489
12.71254
15.27313
11.64565
11.82587
13.4127
10.30884
9.10313
12.6896
11.13292
7.69284
1.54204
1.47997
2.09665
1.91877
2.20223
2.71118
2.91809
2.869
2.89459
2.64966
2.50739
2.76964
2.22202
3.31495
4.05004
7.26921
5.57706
11.10961
9.66313
11.83147
13.93386
11.32446
2.10478
2.75912
2.76772
3.01767
3.11526
2.32508
3.25364
2.46253
1.4972
1.97353
1.85695
1.76064
1.76648
5.87904
10.42238
12.27076
16.20446
16.01344
16.82237
14.7292
11.65412
10.03535
10.98249
13.35326
7.75613
5.82116
6.37055
6.76835
7.33508
7.20931
6.3293
6.31294
6.49402
8.49806
8.1446
8.37464
9.93252
10.3179
12.5023
13.19898
21.14347
16.39801
21.69449
19.81396
11.11909
11.03666
11.66444
8.83184
9.81092
9.88315
9.32837
9.26015
27.98627
27.88289
23.70409
18.40714
19.17332
12.10567
12.9392
9.7518
14.43165
10.54994
11.76433
12.45828
7.90372
7.99266
10.00585
14.37881
15.33523
19.55531
19.83863
24.78328
16.51149
13.41069
11.45588
13.63115
9.47284
9.36026
10.54905
10.32251
9.19794
10.99512
12.61272
13.82677
13.34194
11.04874
12.03583
9.86469
11.74543
9.77796
10.21134
11.48095
13.63913
13.4403
15.82516
11.19195
10.11923
6.94669
5.89761
5.80162
8.09691
7.99138
7.68635
6.93524
7.00683
6.4774
6.53403
6.50516
4.54796
4.52885
4.93966
8.32364
11.68077
12.12175
13.5104
16.30906
13.8242
12.1638
10.76875
10.17392
12.27854
13.76825
10.32617
9.97423
8.76297
7.6333
8.20159
7.36809
7.17569
6.58913
7.31769
12.33938
10.19927
10.02862
10.58481
11.91985
15.73177
10.19888
11.59299
9.26372
8.86903
11.08777
2.21178
1.99638
1.62892
1.62537
1.65225
1.43804
1.11309
1.2045
1.09493
29.39658
6.07441
6.29007
3.69867
2.22883
1.91989
1.76497
1.76072
1.29611
1.23324
1.21306
1.4404
1.36069
3.28453
3.30471
3.22923
4.23189
4.19659
8.54233
9.02658
10.15219
8.84337
9.7832
11.22746
11.22966
7.97482
7.94564
5.61807
5.81277
5.9577
8.32926
8.36464
12.67638
13.19356
8.34486
7.50935
3.44434
3.24498
2.83258
11.0466
8.9087
9.15645
10.39822
9.87134
13.63638
15.05693
14.87456
7.90727
8.30559
11.41103
10.55067
6.65776
6.42784
5.34591
12.46986
13.53304
13.29397
11.61746
12.76672
16.48878
15.35118
14.1575
10.58592
8.08227
10.4638
19.06693
18.61485
13.86161
16.97406
15.64943
17.85387
8.61635
10.94645
12.99081
14.87759
12.23754
9.28301
7.76012
7.32497
1.3063
1.49535
1.40131
1.32273
1.55158
1.64303
1.4609
1.35697
1.4306
1.38655
1.22001
6.2383
6.29357
30.59623
23.76076
19.23651
19.8712
16.27012
13.42952
15.14952
15.48076
19.9069
17.48829
16.93526
16.52336
19.57644
18.04892
10.14395
7.91841
6.99685
10.5942
18.3078
14.4131
6.24969
4.61027
4.04549
4.5598
4.38341
4.09802
4.0681
5.34209
5.58956
5.24871
5.00981
5.30868
12.38947
12.20936
8.73139
8.61736
8.45406
9.71235
9.62348
9.29345
7.44855
8.30568
6.77013
5.96335
4.92905
3.30191
3.44828
3.49995
1.57552
1.40105
1.19149
1.29323
10.58372
10.91742
8.63233
9.10491
8.95073
8.48717
7.54523
9.73509
9.10628
14.875
18.69567
18.44588
14.54678
9.49225
9.98518
9.37095
10.83107
11.87582
17.32896
10.5026
12.04371
11.06827
10.71726
7.91019
6.96633
8.16932
6.37091
9.47092
6.82428
6.29521
5.99098
8.8781
9.003
10.23498
10.35364
10.93009
6.3883
31.29391
30.1873
30.74084
24.36502
33.90086
39.85282
46.03588
32.16459
29.71514
20.23773
19.65177
15.63381
9.18408
8.15414
7.81544
7.13142
6.95656
7.59473
7.08232
18.76381
19.04247
34.69468
10.75851
14.03531
14.77435
13.09374
12.43525
11.75959
10.18141
13.07336
10.57154
8.08712
7.64214
7.37263
8.22327
19.60775
18.46325
25.91719
21.9128
19.97429
16.43784
15.86507
27.92027
27.21595
15.38484
16.59242
13.35563
13.82425
25.94313
19.94241
28.18201
27.68997
7.54724
8.12559
9.18262
10.55364
10.90746
9.30368
8.75957
10.80472
11.35702
9.67775
11.66905
14.49148
12.3955
13.83585
11.5469
8.87929
9.73716
10.06513
24.90966
26.50723
29.27927
5.17188
4.73325
3.59925
7.66737
7.33591
7.32275
3.43524
2.0081
2.20124
2.91818
4.05864
4.35252
4.02622
4.36975
3.28912
3.2685
28.41483
22.73367
18.82149
21.05145
23.32279
21.38757
19.38678
20.23192
19.15812
18.44927
18.9683
20.19085
14.82509
18.68932
15.2607
31.10323
5.2783
4.91337
4.58448
12.83297
8.47104
15.07728
18.4
15.63753
17.63853
14.56145
17.47145
15.57263
17.97303
14.73464
14.16023
12.74729
26.20165
20.53599
19.74577
20.21584
19.14384
8.0319
6.16213
8.03799
7.20061
6.79641
5.71351
4.34609
5.13364
5.32538
7.70539
5.24585
5.04652
4.70023
4.97199
5.29886
5.16402
5.15297
6.01729
6.22616
18.17878
13.99621
15.49423
15.0938
13.65308
12.9277
11.45918
13.76213
13.60633
11.51204
11.63583
12.33714
11.69109
10.23066
12.02116
14.29179
8.62975
7.16548
7.32577
7.12636
5.76484
1.26134
1.26894
1.15817
1.1107
1.09419
1.13126
1.24622
1.23222
1.29596
1.38504
1.9028
1.99839
1.85155
1.74307
1.85982
10.51291
6.52281
6.49547
4.43182
3.80482
12.27299
10.85173
12.82631
11.41847
10.66533
9.96512
11.42471
12.34969
16.00171
14.63642
23.41642
20.44334
19.2894
19.72456
21.79876
10.56509
12.61916
11.79704
10.91921
11.45161
10.48198
11.61913
12.57835
11.99562
13.45903
17.71834
19.11481
15.82749
14.66603
14.43115
16.20258
14.34991
14.30553
17.21078
14.13776
9.34666
7.16069
13.27754
22.9465
26.32735
21.51865
17.94043
17.89364
15.42379
14.27631
16.55237
14.81204
14.74544
12.9872
11.17433
2.34472
3.20434
4.66468
3.37215
3.25246
3.50753
3.11815
2.93852
2.20609
13.49135
16.7597
16.73652
21.48375
31.15443
7.14331
7.17071
29.22057
25.53548
27.77878
28.1476
25.37216
20.37776
28.02021
31.80712
27.41806
26.33753
27.81489
19.18544
22.19372
19.45386
31.96238
26.98178
52.76684
49.30917
48.10426
35.2464
32.65443
39.84855
6.54423
5.76937
5.28138
6.05799
5.60069
5.5301
5.86039
5.63016
5.48984
5.09671
14.3182
12.57862
9.49797
12.24271
10.5726
15.57821
18.67333
18.33565
20.43376
22.8563
45.77894
52.76721
42.59743
36.14389
28.85166
29.80728
31.96564
25.93759
34.22696
8.33778
9.67404
9.13804
9.25831
9.24431
8.49777
8.23868
8.77741
8.93664
7.79763
8.78004
7.86047
7.22092
6.98879
8.12381
8.57658
9.09474
10.43144
10.27703
10.98112
12.13575
10.68062
10.11118
10.04917
18.11541
15.69051
17.75219
17.81525
22.56764
20.76979
18.0342
10.15959
6.56071
6.02602
6.69427
6.92775
5.78497
6.09472
5.09448
24.35282
27.7182
28.72488
5.21489
4.22137
3.93146
3.72712
3.35001
2.0113
1.86338
1.90599
1.92194
2.25399
1.89243
1.85651
2.1845
2.14677
2.13603
36.89344
15.33128
15.95275
15.23741
15.08848
14.85126
14.07005
14.28694
14.79699
8.93747
8.5517
8.83768
7.46416
8.04868
8.13
7.77099
8.34201
7.10382
6.87157
14.11703
12.86157
14.04931
12.63638
10.84631
9.0563
12.35069
10.59008
8.98579
8.50913
7.55925
7.72439
8.24935
7.30907
1.53375
1.70607
8.26592
9.2294
19.87234
19.82325
19.71906
17.87177
14.03372
14.52169
8.29149
8.07768
8.39473
7.62554
6.01808
8.68388
9.72525
9.76278
18.9458
18.74665
9.84811
10.24121
11.42721
10.81879
10.4382
9.95446
14.08137
15.25482
13.64417
11.86695
9.08181
8.84921
7.0672
7.2444
9.47993
1.64322
1.73112
2.06347
2.04907
23.12918
28.52208
24.99532
21.3259
22.9519
22.55757
20.17633
22.40524
21.0
21.37244
15.82556
13.95164
14.527
13.64667
7.74395
9.73787
10.93655
20.52786
8.98689
10.35298
10.2627
8.12595
7.06129
6.70683
5.61182
12.33801
12.72831
14.14131
14.16184
16.99413
18.04954
19.34442
18.77884
17.64301
17.40862
18.74575
14.39657
13.27026
10.28671
10.27342
9.88405
6.60963
6.94639
5.5705
5.06693
5.67518
1.14867
1.14617
1.09039
1.01428
1.46818
1.39416
1.70813
1.84196
2.16951
1.35287
9.59015
8.412
1.69411
1.68823
1.75604
1.58583
0.90547
1.36844
1.93741
1.93508
2.06449
2.16064
2.16021
1.87148
1.98539
4.58622
4.2704
5.48126
7.37536
8.94739
7.62273
7.29955
5.87373
4.96549
0.90377
0.88395
1.15608
1.0988
1.02471
1.02699
0.99651
6.00958
6.03198
5.7386
4.22542
9.78878
9.58305
8.09423
18.1919
20.56151
15.7191
17.64278
17.96535
22.26214
20.6621
18.68248
7.80747
11.57578
9.78723
9.36271
8.00133
5.82344
9.4167
9.20988
51.95237
56.42753
48.41102
8.75091
7.62029
8.00176
7.75996
8.13543
6.72782
7.90977
4.94718
3.57912
15.87465
2.14557
2.81407
3.91284
2.48445
2.72465
7.85121
13.31618
43.60478
42.75714
46.76964
60.67934
10.89904
9.01222
6.83346
6.4366
4.82927
6.07803
5.1008
5.24195
3.89588
3.66558
23.36314
24.4534
10.82529
10.66541
10.5098
7.91484
9.53961
8.38366
1.62527
3.0344
3.93982
4.39983
4.04932
4.13681
4.32251
4.40093
4.53027
3.9969
9.85458
13.09315
10.08739
14.49529
11.9984
9.89543
10.70518
7.16466
6.16651
8.166
8.94166
9.61795
10.22752
10.82121
9.83501
11.15928
10.78328
11.77174
8.54316
7.50266
8.42598
10.7154
12.95965
12.70749
13.19221
16.91186
16.11031
17.7092
14.31399
14.07528
13.22247
18.60515
15.23601
13.38084
7.48117
6.93964
6.80758
7.19957
6.78565
7.17192
1.52857
45.13323
40.16196
38.91074
46.67857
51.00165
33.87076
14.89898
15.76725
36.10864
37.09574
26.73031
11.31265
11.75235
12.20331
11.80421
8.88149
12.15709
9.99477
6.77263
8.37845
6.70619
7.52894
8.21132
7.46075
11.32524
12.10407
8.99521
8.67809
13.68527
12.433
2.50775
2.40736
2.66325
2.77062
12.91691
9.66483
10.09229
13.40378
11.23461
15.56025
14.9919
11.68538
15.39488
13.75239
12.04498
12.45191
12.80756
11.81903
13.71921
13.02882
14.06473
7.96392
7.13542
7.79381
7.29407
7.96385
7.46802
22.01909
19.94601
19.55675
17.58692
11.61284
13.71441
13.6421
2.52887
3.15462
3.09456
2.72495
2.98823
3.13121
2.44472
2.49496
3.43855
2.05843
21.59272
17.07298
17.88123
19.18166
18.80123
19.72852
25.44935
25.55055
24.87233
17.27516
16.78296
13.17249
16.06949
19.90265
17.79347
15.53827
42.79311
43.88395
43.49061
46.63979
47.6115
47.04339
23.50341
22.25539
13.44576
11.32707
9.03341
9.47925
9.20691
12.86673
15.84363
18.47538
21.41892
23.55016
19.92734
9.15505
8.80982
7.56839
7.36353
9.69714
8.62956
9.41132
10.27657
17.76202
20.09138
23.65133
22.45417
18.20478
19.23797
20.68047
17.58157
17.38495
20.11495
11.55316
17.34125
16.88806
14.82679
19.00275
18.55105
18.21966
14.30776
13.33387
14.45599
13.82998
14.77972
11.26228
13.04836
12.68489
11.32385
15.76503
15.81719
12.27504
12.30484
16.71369
11.00743
8.41481
8.62965
8.39034
2.20877
2.17553
2.19389
2.18913
2.17989
2.65527
1.79263
1.58174
1.53867
1.29285
30.20861
33.72782
15.21686
12.84361
11.78549
11.97181
25.55811
22.97901
22.18544
25.26672
15.49962
16.12523
18.89574
51.10527
56.40162
37.00082
38.26321
34.07237
36.27112
33.36076
29.63552
14.41386
16.1345
15.6681
15.47728
18.29933
22.71034
18.80016
14.38408
13.70691
12.35925
12.94178
8.00388
43.36567
34.68485
35.04578
31.46988
26.00831
27.65813
14.84394
22.53615
22.04935
22.06965
20.71962
15.18139
23.11921
15.04192
9.2875
22.36965
19.36346
15.13646
17.3334
21.42137
25.20385
29.11821
17.3141
17.20514
18.3811
19.51224
21.82362
14.58505
14.4274
13.78532
13.05041
12.25958
12.81119
14.8867
15.54903
18.56337
22.12492
19.41518
21.35693
23.88089
22.71668
21.51512
19.18596
19.41538
22.0827
23.13797
15.15508
18.09855
13.82623
11.26781
33.12561
29.26852
25.10318
24.88086
31.73214
34.52665
28.26547
25.95896
36.21026
18.42964
20.32271
19.24322
22.4111
22.6607
20.88565
47.03978
31.69934
32.17361
13.70119
10.18987
9.1185
7.52317
6.63252
6.52037
7.91075
11.88513
12.05178
10.42295
11.41263
11.85678
18.6664
17.62022
15.26671
9.99049
10.56327
22.53811
17.90056
19.15546
17.761
17.39956
22.25927
20.72042
16.99499
16.67628
19.58145
17.48958
16.33189
16.07727
17.53703
17.91484
21.12249
23.38357
7.72762
6.48913
5.5881
4.7326
3.47003
3.80064
4.69317
6.45121
6.85148
7.11357
5.63539
4.8498
5.24847
4.44104
4.47397
4.12095
4.81743
4.78769
4.09549
3.83976
10.4021
12.64251
10.27752
9.69121
9.51055
7.42627
6.33951
7.0448
5.79821
6.62779
6.51175
5.06299
6.01284
5.04642
6.56178
5.59762
5.13189
25.71068
25.21821
25.29346
27.52212
19.24657
18.89109
23.13944
11.73416
11.25843
10.01242
8.88402
6.76189
5.96002
7.59324
7.35411
9.82429
51.19289
38.09558
24.90542
26.43198
21.41942
20.47753
3.6987
5.34179
2.94152
3.53657
3.62516
3.90265
4.12752
3.86956
3.48774
3.20366
2.69063
2.84484
12.17332
10.82944
7.56304
6.28797
7.22149
7.66762
6.41264
6.04022
5.11526
4.69474
4.58245
4.98111
5.95175
5.17747
5.22546
19.15037
18.77253
16.00176
15.79183
13.85451
12.52703
12.74573
14.94206
14.01389
2.52482
2.45036
2.47578
2.00818
2.02943
4.91992
6.9832
7.33287
5.86185
12.30181
11.95051
8.68407
8.17126
8.59985
7.68847
8.3031
6.632
6.29068
7.42086
7.77888
8.85015
8.50234
8.70298
9.08781
9.90442
9.39689
9.70119
13.86426
14.23853
10.64535
6.99418
7.1902
7.03015
7.51529
6.44434
7.8179
7.72998
6.34362
6.99202
4.00729
3.52361
3.27354
5.76264
8.32686
61.05219
54.42453
46.02827
55.53554
52.39218
34.73671
34.1465
15.29728
15.44132
12.36654
10.2685
6.68936
6.5283
6.35383
6.35759
6.64081
6.50732
6.17089
5.83366
42.86717
43.42596
37.44689
30.2858
22.63826
20.42244
20.10751
18.5683
21.23961
21.58482
35.68695
31.84349
30.11533
24.64086
25.61347
28.37717
8.71069
9.57248
14.53191
22.60523
20.74407
16.69441
22.54539
23.75983
17.50312
18.34985
18.35001
16.0988
13.05439
16.02041
22.87279
4.58503
11.23911
9.70834
9.31044
10.37135
10.87972
9.4301
10.8254
11.77744
13.66442
15.93681
11.48442
9.82178
9.84154
9.28574
7.31724
6.49003
8.50356
10.63934
11.77183
12.19006
7.52929
7.48659
8.53436
8.41029
9.50558
10.40179
9.86897
10.08466
7.99127
7.47127
4.52429
3.2807
3.22449
3.06844
4.2816
4.05004
4.13177
4.07934
4.21258
39.84568
40.03619
40.8531
42.95076
36.06105
27.77752
22.04575
22.99376
22.50391
10.9037
15.97163
15.30655
22.66237
20.73717
22.09947
17.79988
19.16789
17.18638
18.51213
8.31429
5.80548
4.67925
4.72153
4.32321
4.11606
4.49147
4.59411
4.28627
4.56175
4.87308
5.34289
7.26018
5.59896
5.72076
1.22696
1.09133
1.4695
1.27074
1.17441
26.66638
4.97496
3.82085
2.26225
1.98362
9.50343
8.84452
9.75814
12.91336
9.37967
7.33295
7.27343
8.25542
7.42473
7.76273
8.8868
8.6492
5.69302
11.61534
8.96819
11.34493
11.3735
9.82722
8.76397
11.08622
11.15453
10.76773
14.03381
9.79054
11.08931
11.80291
12.13199
8.28288
43.6301
42.92408
37.11344
38.54438
27.31265
28.32041
25.93048
12.1582
12.93884
12.85959
15.49943
14.44368
16.63539
52.62072
36.61865
37.13468
26.32441
27.93839
21.679
39.6865
19.24604
10.02399
14.55703
13.70989
13.25421
9.27222
10.34397
8.79367
9.17709
7.19612
7.09159
6.65314
6.28446
11.05322
11.59735
10.69132
10.19484
8.83626
8.4577
9.31232
11.30921
7.82544
8.75752
7.73252
8.09827
7.00652
8.59353
10.67538
8.62033
22.75994
19.69247
19.53922
15.55485
13.93109
13.46944
12.66583
14.09793
12.28313
11.26784
10.38762
12.70391
11.5174
9.8182
10.69221
35.22626
15.35782
16.69835
14.05866
17.99595
14.8941
13.05184
11.36774
11.88686
12.29208
2.27193
2.27433
14.71966
18.46788
15.48931
10.91538
9.65486
8.19669
6.76058
6.20975
6.77298
1.11084
1.60133
1.58807
1.72706
1.88847
2.46051
2.24932
48.68656
52.19851
43.15689
49.21693
51.88566
59.8034
53.04902
37.21488
38.75403
6.85083
6.39419
3.33586
3.1377
2.61999
2.51268
2.76855
3.19323
2.48656
35.23908
17.82224
3.37593
2.5707
4.8791
5.01583
5.80145
4.61269
3.15669
2.99638
3.28813
3.04247
2.85765
4.06799
4.40591
14.54091
17.40273
14.89679
14.85589
17.51873
27.37211
13.58786
11.46444
14.48155
13.61753
15.86434
11.35633
10.365
9.87763
9.43368
5.6788
6.96725
5.1596
7.14265
8.19005
8.09108
3.70109
4.08875
4.52002
4.39739
8.38818
7.6845
9.6385
10.93984
5.81333
9.40811
7.65063
15.49988
16.34528
15.30735
15.94084
15.44069
8.41684
8.53737
11.77457
12.32256
11.85947
13.19999
12.7445
12.55245
11.82348
2.04151
2.11132
1.81129
51.29827
53.8999
40.43215
26.25409
23.85749
19.07459
20.13489
18.38138
18.28856
14.53676
14.27774
21.6952
16.13648
20.56485
16.74696
17.52432
9.49209
5.67743
8.64858
8.44289
8.97565
8.66492
10.57696
10.27418
11.21106
11.69679
12.15596
10.94144
10.69823
27.67741
30.48498
32.20538
23.27132
26.30324
12.00441
11.71066
11.611
11.38276
10.568
11.51472
11.29753
11.20102
11.41681
9.56895
12.601
9.21048
13.30774
16.08106
13.93805
12.14908
9.90811
9.0199
30.82024
30.38551
46.97461
39.17691
7.01485
10.11953
9.62879
9.39269
7.03095
6.8839
43.53711
44.22816
47.42665
51.74902
72.49451
59.57388
58.69922
67.17228
73.46438
82.12437
97.866
82.49951
72.50328
63.71893
90.99265
92.1768
44.63451
37.84768
37.24415
29.92092
29.12989
28.56878
18.92002
15.59133
15.8037
15.48112
14.22484
13.62134
10.35736
10.9965
10.90017
14.1809
33.05554
29.89477
44.63341
46.14486
46.28827
32.78089
41.24081
34.07723
31.99492
14.50649
13.82224
12.53848
12.74639
8.9969
7.2361
6.37486
28.4814
20.45087
27.69915
25.44981
18.21125
16.9082
19.4526
17.59034
10.35027
10.73402
7.96621
7.73694
7.64377
12.26377
12.07908
12.90397
10.34237
8.1858
10.60785
10.87834
13.22912
10.69663
9.44707
9.34322
8.32094
8.89785
9.60695
9.42273
8.50868
8.24568
8.71115
8.55788
7.35631
37.76869
31.92306
26.23439
4.33976
4.42678
4.93485
3.75343
3.52528
2.43285
2.47764
2.35548
2.46876
2.62793
1.6652
88.04258
89.19999
80.41369
75.40551
64.81669
64.07501
54.39512
48.71544
57.09326
62.09283
49.46168
49.86918
46.05142
44.16725
45.89681
42.80202
42.38519
47.96526
48.43512
9.56363
7.05641
6.57266
6.53558
6.31725
5.51537
4.90312
5.23776
5.32263
32.42712
23.05793
21.69854
23.45279
28.28136
21.79326
20.94726
18.60224
19.53303
14.74589
15.06082
14.02803
12.81745
15.08859
15.87823
14.30874
15.34319
49.50194
54.98633
58.06824
54.77259
78.75828
101.37475
77.72488
90.29962
85.60947
75.85022
67.76178
56.44692
13.42004
15.50265
13.11505
13.91908
23.63762
19.42817
27.44095
29.60867
29.46122
29.11158
27.77314
26.3943
20.76739
24.79772
26.13021
22.32472
24.71749
23.05552
71.99929
67.94452
60.82419
52.44035
25.69772
27.13054
19.07336
17.18722
19.23617
18.79248
26.20341
24.70024
29.23181
60.19632
71.91386
62.11996
46.38251
38.66339
51.40028
39.26789
9.9795
11.30939
7.8002
9.75733
9.68673
9.59333
10.69443
12.92796
11.13276
11.15765
9.51647
13.98452
14.7761
16.82083
15.36654
15.71533
13.33147
11.93809
13.6683
14.78455
19.5571
22.96303
18.84455
22.69845
22.3746
21.74393
16.8306
12.92946
13.59617
12.99468
16.28736
18.00418
14.48367
12.61962
13.12687
38.21974
6.23179
41.35167
41.42054
37.30651
43.11276
42.64765
40.48326
30.57006
20.93138
16.92792
9.68776
10.04655
24.77139
21.99528
26.91345
37.32731
32.56556
33.70693
30.37942
24.77393
21.70194
20.0852
20.97361
21.86335
19.55255
19.12987
17.36534
17.93572
20.15231
110.34096
81.20274
75.59449
74.30098
63.04852
57.34216
60.68138
70.20649
56.10973
60.49761
66.70494
57.52457
43.42094
18.72524
16.32426
11.53194
10.4588
10.50489
12.10959
30.28465
32.43456
46.82706
39.41556
38.463
28.75619
26.88767
28.94932
28.7337
18.7922
16.68265
16.82325
13.05558
12.55963
16.11085
20.27407
12.61745
10.69116
10.3155
12.13385
10.88068
11.73303
7.63259
9.28716
13.94749
21.49456
4.1904
3.98366
3.59456
3.14715
2.97708
3.07377
7.91165
10.10414
22.3325
27.40942
4.22912
3.91831
4.88006
4.32608
5.3995
6.03698
4.13021
3.64421
2.87795
2.94669
2.1655
3.50182
12.36566
13.28211
17.10516
17.00761
13.45835
10.99098
10.89595
9.1891
7.8894
8.32384
9.87966
9.4325
114.39654
112.08771
123.62131
109.21597
97.63764
90.85831
99.31225
81.81045
69.59131
59.33067
69.20642
63.53442
56.46678
26.97272
27.11703
22.83256
20.00898
22.43744
16.79627
7.73144
4.21629
3.28492
4.6204
5.04627
3.62858
3.95813
4.27278
4.15609
7.10537
7.93606
7.6306
6.94047
7.20189
6.70186
6.55222
6.82652
6.47247
30.81701
29.14344
37.56701
31.72623
24.78295
21.58454
22.18176
26.27423
28.73872
12.84643
13.03669
10.18427
8.73734
8.39563
8.34025
7.84474
8.20531
6.52088
24.6788
23.57044
25.2692
30.22108
21.49008
21.68474
20.4237
21.04337
23.58488
22.19189
10.51662
7.80405
7.55825
5.74971
6.25213
3.69751
10.53114
10.73059
13.80136
10.69785
2.49386
13.39618
15.66549
27.73624
30.67591
28.55405
24.04
13.24967
13.07269
11.49332
20.43885
26.33071
29.77117
112.0063
95.34192
73.03121
31.61943
29.87555
26.95409
24.96173
22.27164
21.8957
13.75326
15.08635
14.94611
12.41697
13.41766
18.22902
12.88412
11.86682
17.3899
17.9056
13.30748
16.07546
15.80529
13.94773
14.0813
10.64973
7.74852
7.64252
8.06214
5.91559
6.24479
5.29864
4.92632
6.06097
8.21632
9.2161
10.19893
12.785
34.86779
29.42342
26.16681
31.81888
32.55626
27.34279
31.0744
33.55652
38.31224
35.28501
34.43841
40.64023
55.1596
82.57422
65.58288
64.57459
51.78797
52.60993
49.21913
13.90347
39.20737
38.86754
19.27903
20.03015
19.65277
16.70304
18.03416
15.84796
19.00104
20.57799
19.78007
18.98011
21.22321
19.57226
17.7948
17.28664
18.94057
21.70172
22.88207
107.92868
86.08484
70.03176
63.90938
54.42426
45.98397
8.87262
6.67526
11.9439
9.90326
7.53842
6.55005
8.08751
9.75409
9.67828
8.13844
6.73279
7.42286
6.26311
6.99707
43.62091
28.27748
20.27855
18.74513
24.53034
16.90163
18.31615
13.39986
12.1568
12.81923
37.80896
28.36335
23.36875
17.77568
24.62107
21.18617
22.23618
21.50964
28.83228
32.87006
26.35815
27.86576
23.59962
50.94185
39.61295
37.4262
31.23083
25.95616
4.97395
53.72921
39.89563
24.93142
24.55141
25.43267
33.17105
25.74251
29.47892
32.28191
29.57541
48.20026
41.65396
111.25397
110.98478
96.58326
88.28196
74.66867
41.82559
57.42533
11.47803
52.10365
62.61553
54.90544
38.11492
9.34214
8.6532
8.23422
6.90046
6.43571
5.12384
3.7843
18.10536
12.89821
16.17521
13.23197
14.20701
18.53335
18.09515
17.13478
14.08633
13.47945
10.81689
10.45508
10.08089
10.53757
11.16133
14.68308
10.21349
19.12466
18.30511
19.50424
14.44838
14.2384
8.83316
11.37164
11.67062
13.77576
33.24968
31.87663
27.33874
22.28881
9.61934
16.74907
16.07216
13.23346
11.19955
7.33219
7.11459
7.37529
10.16529
7.14272
5.79365
5.31958
5.65423
5.46246
7.04303
6.61509
7.0458
5.01417
5.05358
4.75256
58.7226
67.70685
53.03808
69.5101
71.44544
80.34308
61.43627
40.96003
69.19982
59.84264
66.85536
60.43503
40.09195
110.72416
103.08754
89.34461
83.16105
67.93305
64.47206
70.52583
78.30559
88.04625
80.64675
77.73313
76.78634
57.98449
62.28298
57.53822
26.01517
20.91498
19.30812
7.78788
7.45837
7.77213
6.97057
8.29943
5.67378
6.13503
1.0697
1.04393
2.9134
4.50593
4.463
4.58014
2.81002
3.31505
3.66071
4.19154
5.06063
11.54801
11.17509
10.37562
10.66293
9.20359
8.79184
9.03791
9.24076
9.98721
9.28072
1.99251
2.00201
2.63262
1.455
1.29536
1.10263
1.07852
19.0118
17.11234
16.94319
13.65253
13.5661
14.73936
13.83321
14.78752
13.89107
16.48621
20.41082
17.18935
17.68275
16.03675
15.59917
34.99536
27.89725
25.55988
19.53633
20.06091
21.20931
25.45559
27.90725
25.75437
23.4928
11.45808
10.06116
9.90236
8.8544
8.59982
9.82645
122.20537
109.50172
88.54078
75.18659
33.0539
29.75951
26.98643
25.51045
24.92164
27.75521
25.93189
18.53601
32.68939
24.39827
26.16665
14.78354
13.92156
13.5688
15.08584
12.45202
22.90633
33.42698
51.40103
58.19867
47.93995
45.52295
44.02035
45.18191
20.57873
21.92364
20.28835
15.94105
33.37034
27.32893
15.10457
14.5803
12.92514
10.92333
9.1798
9.69499
7.44897
8.54607
8.36768
6.7199
6.88264
7.84864
7.92357
6.94771
7.93457
1.38203
1.23619
1.38497
17.17086
12.01647
11.13286
14.66993
12.83435
18.738
19.11639
21.81308
18.29143
18.55209
16.65953
16.42473
12.0474
9.45517
9.64171
9.28973
67.49759
62.09117
47.47516
39.22343
41.66349
45.16214
37.38315
36.18453
28.14214
29.66472
111.27073
103.56864
89.54722
90.50969
82.96342
59.09207
44.80634
44.43559
42.52674
39.7966
37.25183
48.46842
36.45198
37.76289
34.99994
14.79362
15.96814
11.16746
11.91569
48.05867
61.40614
65.24892
75.42172
68.75478
62.9854
46.9682
48.61579
59.57296
47.15641
44.85392
49.66385
19.29586
21.05245
43.76297
39.88822
36.10985
39.14744
38.79878
41.77024
39.55066
47.9709
43.25639
63.5981
52.46449
32.98006
45.42786
44.56567
15.04955
9.65961
9.80367
11.87666
14.73306
11.7863
8.37105
7.57636
7.55393
7.35241
5.37727
5.2524
7.20746
11.10451
10.66516
6.76327
7.01022
47.59937
48.00777
50.85799
76.57038
59.03241
48.33848
30.27208
51.09109
57.98326
64.75873
63.10459
45.33953
52.72378
42.23125
52.21913
41.36453
40.5934
30.42253
27.02892
17.40406
17.36062
16.0621
14.93571
13.96821
12.95518
10.04512
10.73721
9.47109
10.55367
9.04419
12.35966
86.23505
82.12572
71.93314
52.96987
34.91088
33.69925
51.12408
59.00006
56.25574
72.9973
94.06986
79.33989
74.86341
68.92286
80.86751
43.23995
36.34733
34.90995
34.07329
34.8535
31.10261
12.4631
12.36927
11.06935
9.84718
10.25832
7.51347
7.16233
6.68261
4.9404
3.65069
2.67519
2.79271
3.19199
13.80375
12.16995
84.02348
37.13221
30.33947
27.35316
21.15674
86.04523
45.35197
38.98257
36.27168
33.60302
6.7967
11.61463
8.69329
8.27539
6.46402
6.02815
27.75594
27.13499
22.7319
21.75511
16.3571
11.47223
10.56838
5.5638
5.49746
7.96865
8.59011
7.80098
7.7214
6.48944
6.39695
5.42909
5.1304
4.86816
5.10101
4.29771
3.85571
3.71067
3.80548
4.00767
1.94936
1.82455
45.26303
41.91264
39.66277
26.50579
21.43272
30.07619
27.35305
24.63863
70.43765
61.16026
80.90997
65.59772
28.05494
38.01975
34.47313
37.59688
36.37136
11.06433
10.58839
8.93739
5.85868
3.30803
3.41814
3.10343
3.72166
3.62566
6.385
6.98081
8.0853
110.21572
103.51472
76.39571
62.7361
50.73778
46.96466
44.67133
59.0806
58.75571
49.96373
55.56147
24.56397
18.81294
24.15572
23.02586
7.74507
5.68985
4.94691
2.63902
37.86332
35.76922
6.52047
6.35285
6.86494
6.59908
6.32447
5.32558
4.42775
3.95688
3.17436
2.91781
2.50149
2.43435
2.41112
11.87071
8.56105
9.17647
8.17286
11.23035
15.01948
14.72875
12.46802
11.10295
9.48362
9.747
9.86349
9.60517
8.78998
7.6371
8.2706
8.15958
19.89807
21.04484
18.85335
19.49971
15.8447
26.78909
32.30048
28.57728
12.16098
2.28362
3.13356
3.21198
2.66706
2.6591
2.1943
82.19961
65.97182
30.85438
29.83935
23.50126
22.69106
20.27864
20.07594
4.70679
116.51612
111.26164
103.93672
92.3484
75.87554
82.69762
78.67709
91.76281
82.83566
38.58436
34.52224
39.03984
35.3763
36.82054
36.43861
32.78602
26.75504
78.60181
74.56245
83.66552
70.97421
64.7958
65.38792
60.45151
42.63771
35.21148
76.69154
37.78035
33.87302
28.68099
19.45062
10.94201
10.10684
9.26014
9.18797
2.49818
1.85013
1.88213
2.5243
1.99621
1.80471
1.80726
1.75482
1.28252
0.87509
1.47485
1.62719
1.54049
1.6349
2.15373
5.0615
5.58077
4.45286
4.8012
39.45936
17.44053
14.20352
16.48039
12.24206
9.21163
7.14279
6.61764
6.5827
8.81217
10.79558
12.52671
12.41766
10.79398
10.06835
13.21816
113.11404
20.66778
16.57307
16.98312
19.15695
16.22313
14.54252
10.937
11.752
14.52236
19.25216
26.47414
25.80682
14.01128
12.02878
10.55617
9.73925
6.04071
5.79231
90.27143
71.29374
60.66045
48.88904
41.71622
51.66965
49.45297
36.35612
43.03976
25.04001
15.44811
16.20988
17.57252
23.30389
21.74838
22.68613
22.34226
19.96518
17.73762
19.5757
21.13682
27.28041
26.92219
29.38105
33.88331
7.20781
56.24307
55.77628
52.66047
37.81076
37.22672
33.20479
28.59039
24.38954
24.80729
18.55939
19.70536
19.3958
17.68867
10.14529
10.07876
8.59825
1.93482
1.92204
2.85639
2.59226
2.58753
1.71354
1.40607
1.56073
1.53984
1.39388
2.98722
2.90945
2.87195
3.3866
3.45628
3.03266
110.89821
97.47976
75.23448
63.62249
56.88566
47.75112
36.88893
31.27275
38.44746
32.98294
35.42344
36.01012
40.56246
27.9729
23.48625
25.6758
4.04416
3.20481
3.30507
4.66539
19.09815
17.00937
15.52388
18.13918
16.50428
11.8613
12.51486
10.37235
10.55625
11.19232
10.48925
7.49305
8.30889
10.15725
80.26163
15.72557
15.00884
18.78401
16.35218
11.58204
9.37183
8.83616
7.51479
86.05219
79.38363
75.38903
63.46629
65.43062
59.5002
75.162
55.54913
51.01842
46.05314
45.39093
39.98742
35.16795
33.42746
30.9826
21.2854
123.56697
96.87525
101.25368
46.96409
9.74199
8.70868
8.62024
7.62476
7.20624
7.12965
14.51498
13.14146
12.05138
38.08976
31.15781
24.97851
26.02757
36.38197
34.24027
34.07611
96.96362
65.72529
63.15963
56.85811
55.37971
44.17257
67.08316
60.68068
47.38987
9.09291
6.17788
4.8939
5.11873
5.40612
4.528
4.35145
4.70334
12.64509
11.20053
9.97999
9.6153
12.96237
94.29102
90.80067
69.76001
60.30729
62.50357
58.51327
39.40372
106.24615
127.29287
107.9497
56.95613
50.34341
45.80456
43.20685
112.96694
97.10515
112.36032
106.90727
83.73709
74.15675
64.50529
59.03158
65.06908
46.76689
19.10721
26.48105
28.43141
27.84891
28.8984
24.11745
17.91304
14.81527
13.62184
24.48292
19.99694
18.2886
19.64947
15.94468
17.69401
13.25606
9.30789
8.82266
15.50193
14.68394
19.86658
21.8971
14.9102
13.67272
12.03544
29.2996
5.16928
4.96847
4.96398
5.75493
4.10036
3.96503
4.75223
3.87639
4.22748
5.17292
4.54202
11.02705
12.26919
68.81737
59.56019
62.83768
28.94365
30.73416
29.84009
24.63081
18.83412
12.78091
11.69088
10.8219
10.36453
13.79862
13.88393
17.11601
16.60268
14.35483
10.11078
8.42941
8.36764
8.32509
6.54485
7.54193
7.65566
8.47901
8.33844
10.46755
13.29076
13.45618
86.76371
62.82159
61.96443
58.13035
51.63397
43.61662
42.64623
24.13087
24.02593
19.6329
18.31972
15.25034
16.15236
16.56712
18.69613
16.38728
20.42791
17.20162
125.21553
113.60555
94.16126
85.64458
75.43703
125.82797
111.50823
97.01368
94.96592
79.96226
79.31496
69.23464
30.04391
26.38647
19.53269
17.89523
14.10264
11.71129
11.15773
20.86229
17.24491
13.57267
10.92245
9.02628
6.50873
25.22724
20.4542
17.7555
15.07518
14.66143
13.42273
30.78613
19.58121
20.67542
18.78258
9.3156
11.31404
10.60622
6.26651
6.56293
5.01142
3.20257
2.86894
2.38535
2.12298
107.96697
97.63023
72.48546
114.1038
101.69334
95.93082
90.85548
38.57016
8.09445
6.51746
3.58096
3.66453
4.02623
4.99068
4.83334
3.72579
3.37406
4.96532
5.25107
3.65651
3.43435
9.7258
53.67562
53.85289
102.82375
81.66295
71.03449
114.52909
103.43464
82.71152
73.2488
51.80815
52.78582
51.71188
42.88
38.18633
37.68618
34.19916
32.95468
27.45059
25.65313
23.38086
25.25065
31.87507
34.89343
31.1009
29.04348
87.43794
92.13554
48.52566
42.05149
38.53042
78.48079
83.56784
67.9069
66.69586
62.65798
44.82261
37.48951
34.95233
28.54748
44.64307
39.54248
35.4594
30.70496
79.01045
38.40964
37.28808
8.0583
7.89139
14.53849
14.4086
116.03724
50.90876
50.47297
60.31577
66.09846
45.91498
37.38727
42.90039
37.71643
25.8414
25.01976
15.84672
14.87147
13.62494
12.06164
15.18402
10.79336
6.90652
5.40443
4.35524
38.97984
42.64322
39.85832
33.85145
26.51888
26.37037
22.10393
18.0682
23.39556
20.44742
17.53912
16.87129
18.80667
11.89463
12.30476
12.48954
11.53201
52.68321
60.03243
63.46696
53.45981
41.32341
34.42212
25.54358
24.72579
30.97039
31.67895
38.48931
39.88361
35.83544
33.7231
78.01368
80.88246
70.86616
65.44859
64.52985
80.44801
79.37162
59.63959
48.73542
52.90987
114.75886
97.33732
90.64358
76.76641
57.85128
126.67614
23.62024
117.38641
110.94554
87.11303
77.63491
70.72793
65.14407
62.03196
63.3198
55.46953
26.11942
26.53465
23.2335
21.86487
27.60347
22.33431
23.25693
21.40962
106.72908
95.78405
84.97614
36.81567
24.14472
22.79185
20.79134
18.41672
14.38127
13.29761
19.53291
22.46452
4.24512
5.35089
5.54503
4.00992
3.36713
3.6254
2.08116
1.83471
120.5905
108.09438
101.71164
88.76675
76.545
115.21829
98.2668
69.93849
47.08716
81.81221
75.84588
75.23429
67.41697
51.10159
54.53433
29.21594
32.92569
31.90557
26.03367
36.01188
31.2191
28.27623
25.67155
23.45489
16.8276
16.82846
16.45529
52.14357
42.37383
44.21619
41.574
39.97086
18.80847
9.11483
8.94314
7.65319
7.10151
6.79758
76.98086
60.70174
60.60152
60.07946
25.27366
23.24276
14.84951
13.47136
11.35197
11.9598
8.41369
8.85008
90.22451
111.73708
104.14675
93.58939
74.17397
81.44566
12.97116
14.6628
17.30146
13.49941
12.72663
9.87721
7.69597
8.03007
7.75168
7.43436
6.78399
7.08348
7.33456
17.95865
19.52306
27.2512
101.43168
101.95218
93.02527
91.89975
75.40825
62.93572
11.06761
7.95235
6.64419
5.38361
4.6348
4.87259
4.42897
4.35802
29.32235
30.83974
25.22865
3.74973
3.63789
27.38587
32.25528
46.20878
41.73686
35.66034
39.10612
44.97777
27.68866
24.37223
20.16583
14.082
12.03225
12.05037
7.57931
7.91621
7.53246
8.82825
64.3288
55.82741
50.29485
61.63221
65.30754
13.45573
11.12446
13.79168
7.62662
22.96429
48.02002
41.49333
32.94227
32.32486
35.45917
33.38579
31.88705
28.41033
5.36198
5.92561
4.82198
4.22486
2.24557
2.43811
2.48207
2.50542
2.20298
2.79808
2.74334
2.37285
2.15132
1.60016
107.97313
97.6851
83.40448
74.78545
68.54299
62.95825
36.24178
28.94515
27.41945
26.57025
25.57716
21.6759
18.59252
21.01059
14.33199
9.69426
8.22289
9.0954
14.99838
16.268
118.87079
108.07204
90.95775
82.0994
16.08735
113.74986
101.39321
80.95487
72.63393
62.53686
116.77751
106.31851
95.67176
83.37459
74.35976
55.68567
53.50998
58.35976
48.64432
46.46547
52.85255
63.86969
55.26198
50.83139
122.04091
111.13916
97.53601
82.05772
78.20118
76.95249
66.24262
58.28598
45.39224
53.47031
66.31749
56.28325
65.61586
66.26616
60.99417
46.91213
35.51226
31.16775
25.3495
27.89274
112.80392
102.30263
50.11734
41.63155
39.75472
95.97267
65.24434
64.45692
78.59208
51.89569
45.02607
39.73235
42.30387
38.86563
31.80747
24.8564
24.2714
22.01914
14.37872
13.84345
14.35898
13.74507
10.08824
8.02303
99.36963
92.63142
75.57245
68.98951
60.29799
55.87278
50.48633
57.82741
57.58542
49.03096
46.09459
6.98946
4.75484
4.9153
5.27256
4.19933
3.82525
3.34715
3.29307
3.14429
83.58938
82.29494
68.33564
67.74424
94.06097
84.54361
79.57006
68.39592
56.91318
23.65803
19.42825
18.20088
20.66822
9.97606
5.72303
5.10964
4.95571
5.24473
5.29735
4.83448
5.24995
4.89657
4.88798
4.54023
4.72163
95.32368
87.155
61.25533
55.61868
65.24629
55.2489
49.00976
47.52019
53.28095
44.93312
33.98212
7.12293
4.34685
3.07518
2.93487
2.55289
2.5243
2.44864
2.14361
2.12665
2.58584
3.52139
3.05087
5.15697
58.09743
46.37898
45.73028
39.14456
38.26305
45.29323
36.60776
46.22613
55.41527
70.61379
73.9443
114.74068
91.35997
81.13718
70.34205
64.48526
12.20893
11.68866
9.99169
9.66864
8.32072
10.48927
10.76811
13.53663
15.45687
12.97556
2.48214
2.42333
3.2328
6.05935
9.7926
9.83559
24.77573
27.23744
22.35279
23.77166
10.16372
8.77485
8.52569
9.16771
9.23203
9.38625
7.86271
7.67294
7.11262
6.55061
7.01634
7.91958
114.89284
108.92403
64.09871
106.57961
92.35435
74.54741
60.07376
52.03908
51.37763
49.88297
33.3097
38.46235
35.5019
33.40634
34.45853
31.29894
29.08855
59.7864
51.22522
34.83276
31.55925
34.71085
29.91815
25.47686
15.49184
15.38429
17.66763
19.42809
18.83569
14.42652
12.87385
113.46002
19.36695
17.6326
13.48209
17.78881
15.03576
12.93401
122.16512
112.01504
71.2922
62.0877
91.5744
80.74837
75.0616
71.3073
67.94713
62.95702
55.31806
49.96301
22.95813
19.79725
15.86688
16.97485
18.61725
14.90098
15.79265
14.56002
12.7045
13.73222
16.65654
102.1107
80.89875
92.00436
46.92525
89.8725
81.593
66.53267
71.05627
59.68214
28.65648
25.27548
27.204
25.31489
20.47239
17.48347
19.83551
20.42438
19.46407
3.74159
3.47029
18.18693
17.43198
3.35467
3.30115
3.35704
98.0746
88.88249
79.94995
78.24383
77.13994
64.30935
63.9456
53.60506
50.06443
41.38435
29.66004
16.22092
12.43817
10.00921
8.98059
8.52172
7.95309
16.8513
16.45505
15.13004
20.67117
20.06551
17.70368
24.06093
22.82146
27.12672
27.68536
17.21794
12.58252
18.24792
12.7363
104.50097
93.45926
86.51456
81.36904
76.58817
40.40239
31.30403
64.4882
65.63224
67.4457
67.86198
45.86938
57.58172
46.6891
29.8716
35.2421
32.92806
14.36731
9.9487
7.30918
7.94658
6.30579
5.51205
5.47744
6.86918
7.05351
6.9259
5.20136
5.54182
5.29838
5.17445
6.03637
7.89805
10.33287
75.39488
84.48141
66.36138
57.16429
50.25649
28.52902
29.33395
30.73676
32.15774
32.47531
16.48623
13.30624
11.82721
11.25157
14.84481
70.45088
61.2876
51.674
60.27673
64.23085
74.86662
85.57918
73.93972
71.44746
42.52902
47.89356
46.96419
39.81176
31.73984
13.67987
10.34447
12.03851
11.83496
13.05759
11.44744
10.36619
10.47178
53.42431
52.97118
54.59935
43.48087
35.83803
34.74799
36.51072
29.6659
31.37827
29.56499
4.99613
4.92377
4.83028
112.53642
66.22872
60.56572
55.67898
21.44137
16.24111
17.29323
14.89058
11.86112
6.90495
1.52783
1.64995
0.91957
1.5918
1.61754
1.71677
1.78695
1.61729
1.83804
2.2895
2.82183
2.21957
71.29711
54.37912
54.47729
43.12083
39.76533
35.96464
30.9611
25.62889
14.20961
96.97952
76.2986
51.79784
42.97065
57.82904
43.92295
20.06823
19.92437
19.89032
3.96697
3.63675
3.7997
3.90322
3.47808
18.72897
18.74857
19.25594
12.18291
31.0002
5.56496
5.47428
5.88314
6.68354
9.04002
7.89191
4.48315
10.13577
15.90703
16.82064
21.95323
20.44509
17.08197
12.70268
82.68099
76.13178
67.0426
87.92763
86.6144
79.18594
87.92958
66.48124
64.53336
56.7575
50.76323
46.09297
32.12644
23.16009
24.87688
18.28002
22.75616
13.73942
112.00873
89.96181
7.89123
6.12477
4.91124
4.84973
4.38834
4.13699
4.03932
4.00385
3.76901
3.80617
4.04688
4.38562
5.76047
5.90923
5.87279
5.03646
5.3937
5.37405
5.02344
106.37598
90.39004
76.45359
53.01948
44.25012
52.16855
72.42653
59.99167
43.18411
9.03085
8.62081
7.73931
6.52862
7.17327
35.898
37.6079
36.54336
44.03505
43.10824
34.29612
33.69582
22.70119
22.21893
27.45549
4.32696
3.32928
3.71263
120.31004
118.93269
107.82111
9.33452
6.6123
8.50981
8.77199
8.56467
8.43289
9.06751
6.98981
6.54277
6.07079
5.02731
5.37374
5.18156
5.42795
6.87862
5.39214
52.00625
49.93568
56.54555
50.49352
38.47665
6.70583
16.61119
16.72182
17.53805
23.00703
21.30703
16.68284
103.23433
92.85087
84.53118
69.89493
61.21651
44.8615
41.63257
41.16511
43.26292
39.87876
31.00683
23.83549
98.12193
78.31102
71.26688
70.14492
55.38872
52.8367
41.86758
56.48103
64.00803
50.47327
53.85772
73.50593
62.46038
76.17162
64.94189
63.70182
74.61659
73.44911
77.23103
63.96257
66.95759
96.50314
88.33144
70.76576
77.09464
54.62826
65.02567
91.06342
101.3826
11.36565
11.61959
14.16087
14.53254
17.26324
16.71222
18.14545
17.50313
13.11818
16.09648
14.89275
15.73291
15.12832
15.73967
21.53342
19.4949
18.65574
12.77738
87.33116
81.40306
80.4168
102.03448
102.4089
93.48831
41.55388
18.13074
18.03726
19.0868
18.06897
17.12831
18.35489
41.25958
19.68755
17.39069
16.77253
15.17969
14.63349
14.30014
10.46114
109.49117
91.91985
97.28735
93.04499
85.92742
75.56437
71.76005
67.39727
73.84394
70.09278
38.00443
38.50947
9.81099
9.17442
10.93575
9.08719
8.90278
9.42861
9.36887
7.44277
10.43524
9.48849
10.31731
10.25592
10.24635
10.30808
10.06374
14.4105
111.27879
24.81219
4.44049
4.17222
3.41542
3.34561
18.59758
17.77009
15.82274
18.28674
3.25965
2.98887
2.47812
2.67485
3.0045
2.82594
1.53811
63.25551
56.50319
26.90911
26.42582
19.77018
23.15757
19.2904
20.01002
19.787
25.84315
25.25885
29.87525
33.3712
43.41488
42.38187
41.24258
40.54791
40.47031
40.86122
33.74041
26.29411
27.30431
24.08967
23.24322
18.52366
16.35026
17.07624
99.99274
92.95826
87.57089
83.23256
79.66466
50.83942
84.40432
77.55883
64.34125
61.62152
9.81631
118.21871
94.94632
44.76985
48.68675
47.14634
51.62324
41.79152
59.54209
49.63972
64.98588
78.11467
65.41993
64.26394
54.1815
48.90975
54.15442
54.22209
43.49642
7.68234
8.50795
11.43889
8.8782
9.12398
23.98458
16.40091
15.72057
